> pca_1<-PCA(epi_r,graph=FALSE)
> pca_1$eig
           eigenvalue percentage of variance cumulative percentage of variance
comp 1   7.475072e+00           1.099275e+00                          1.099275
comp 2   6.151193e+00           9.045872e-01                          2.003862
comp 3   5.007764e+00           7.364359e-01                          2.740298
comp 4   3.650317e+00           5.368113e-01                          3.277110
comp 5   3.355915e+00           4.935169e-01                          3.770627
comp 6   3.014601e+00           4.433237e-01                          4.213950
comp 7   2.741764e+00           4.032006e-01                          4.617151
comp 8   2.721819e+00           4.002674e-01                          5.017418
comp 9   2.593156e+00           3.813464e-01                          5.398765
comp 10  2.487076e+00           3.657465e-01                          5.764511
comp 11  2.453230e+00           3.607692e-01                          6.125280
comp 12  2.371807e+00           3.487951e-01                          6.474075
comp 13  2.320643e+00           3.412710e-01                          6.815346
comp 14  2.301283e+00           3.384240e-01                          7.153770
comp 15  2.267272e+00           3.334223e-01                          7.487193
comp 16  2.237625e+00           3.290626e-01                          7.816255
comp 17  2.159617e+00           3.175908e-01                          8.133846
comp 18  2.136669e+00           3.142161e-01                          8.448062
comp 19  2.099363e+00           3.087298e-01                          8.756792
comp 20  2.062907e+00           3.033687e-01                          9.060161
comp 21  2.049105e+00           3.013390e-01                          9.361500
comp 22  2.021998e+00           2.973527e-01                          9.658852
comp 23  2.002244e+00           2.944476e-01                          9.953300
comp 24  1.966859e+00           2.892440e-01                         10.242544
comp 25  1.940350e+00           2.853455e-01                         10.527889
comp 26  1.903314e+00           2.798991e-01                         10.807789
comp 27  1.898247e+00           2.791540e-01                         11.086943
comp 28  1.879070e+00           2.763338e-01                         11.363276
comp 29  1.867444e+00           2.746242e-01                         11.637901
comp 30  1.853860e+00           2.726264e-01                         11.910527
comp 31  1.849035e+00           2.719169e-01                         12.182444
comp 32  1.835199e+00           2.698822e-01                         12.452326
comp 33  1.814059e+00           2.667733e-01                         12.719099
comp 34  1.803464e+00           2.652153e-01                         12.984315
comp 35  1.796822e+00           2.642385e-01                         13.248553
comp 36  1.765354e+00           2.596109e-01                         13.508164
comp 37  1.762703e+00           2.592210e-01                         13.767385
comp 38  1.751074e+00           2.575109e-01                         14.024896
comp 39  1.744767e+00           2.565833e-01                         14.281479
comp 40  1.737366e+00           2.554950e-01                         14.536974
comp 41  1.726454e+00           2.538903e-01                         14.790865
comp 42  1.717909e+00           2.526337e-01                         15.043498
comp 43  1.696732e+00           2.495195e-01                         15.293018
comp 44  1.685913e+00           2.479284e-01                         15.540946
comp 45  1.681134e+00           2.472256e-01                         15.788172
comp 46  1.669731e+00           2.455487e-01                         16.033721
comp 47  1.663013e+00           2.445607e-01                         16.278281
comp 48  1.654919e+00           2.433704e-01                         16.521652
comp 49  1.647592e+00           2.422929e-01                         16.763945
comp 50  1.646839e+00           2.421822e-01                         17.006127
comp 51  1.640856e+00           2.413024e-01                         17.247429
comp 52  1.633963e+00           2.402887e-01                         17.487718
comp 53  1.625968e+00           2.391130e-01                         17.726831
comp 54  1.624372e+00           2.388782e-01                         17.965709
comp 55  1.603055e+00           2.357434e-01                         18.201452
comp 56  1.601612e+00           2.355312e-01                         18.436984
comp 57  1.595889e+00           2.346895e-01                         18.671673
comp 58  1.586923e+00           2.333710e-01                         18.905044
comp 59  1.578840e+00           2.321824e-01                         19.137227
comp 60  1.564707e+00           2.301040e-01                         19.367331
comp 61  1.562594e+00           2.297932e-01                         19.597124
comp 62  1.557395e+00           2.290287e-01                         19.826152
comp 63  1.550298e+00           2.279851e-01                         20.054138
comp 64  1.544671e+00           2.271575e-01                         20.281295
comp 65  1.539583e+00           2.264092e-01                         20.507704
comp 66  1.537462e+00           2.260973e-01                         20.733802
comp 67  1.533349e+00           2.254925e-01                         20.959294
comp 68  1.528077e+00           2.247172e-01                         21.184011
comp 69  1.520471e+00           2.235987e-01                         21.407610
comp 70  1.513406e+00           2.225597e-01                         21.630170
comp 71  1.506939e+00           2.216086e-01                         21.851778
comp 72  1.499720e+00           2.205471e-01                         22.072325
comp 73  1.494802e+00           2.198238e-01                         22.292149
comp 74  1.490505e+00           2.191919e-01                         22.511341
comp 75  1.473380e+00           2.166735e-01                         22.728014
comp 76  1.466910e+00           2.157221e-01                         22.943737
comp 77  1.465814e+00           2.155609e-01                         23.159298
comp 78  1.460990e+00           2.148515e-01                         23.374149
comp 79  1.454218e+00           2.138556e-01                         23.588005
comp 80  1.444917e+00           2.124878e-01                         23.800492
comp 81  1.440220e+00           2.117970e-01                         24.012289
comp 82  1.438601e+00           2.115590e-01                         24.223848
comp 83  1.429729e+00           2.102543e-01                         24.434103
comp 84  1.420185e+00           2.088507e-01                         24.642953
comp 85  1.417165e+00           2.084065e-01                         24.851360
comp 86  1.408233e+00           2.070931e-01                         25.058453
comp 87  1.397887e+00           2.055717e-01                         25.264025
comp 88  1.392074e+00           2.047168e-01                         25.468742
comp 89  1.389562e+00           2.043473e-01                         25.673089
comp 90  1.387259e+00           2.040086e-01                         25.877097
comp 91  1.385053e+00           2.036842e-01                         26.080782
comp 92  1.377321e+00           2.025472e-01                         26.283329
comp 93  1.372570e+00           2.018485e-01                         26.485177
comp 94  1.369509e+00           2.013983e-01                         26.686576
comp 95  1.367231e+00           2.010633e-01                         26.887639
comp 96  1.359295e+00           1.998963e-01                         27.087535
comp 97  1.358438e+00           1.997702e-01                         27.287306
comp 98  1.350501e+00           1.986031e-01                         27.485909
comp 99  1.347342e+00           1.981385e-01                         27.684047
comp 100 1.344483e+00           1.977181e-01                         27.881765
comp 101 1.340034e+00           1.970639e-01                         28.078829
comp 102 1.338207e+00           1.967952e-01                         28.275624
comp 103 1.335431e+00           1.963869e-01                         28.472011
comp 104 1.329663e+00           1.955387e-01                         28.667550
comp 105 1.328483e+00           1.953652e-01                         28.862915
comp 106 1.324294e+00           1.947492e-01                         29.057664
comp 107 1.320564e+00           1.942006e-01                         29.251865
comp 108 1.317420e+00           1.937382e-01                         29.445603
comp 109 1.313924e+00           1.932242e-01                         29.638827
comp 110 1.312062e+00           1.929502e-01                         29.831777
comp 111 1.309455e+00           1.925669e-01                         30.024344
comp 112 1.305322e+00           1.919591e-01                         30.216304
comp 113 1.300362e+00           1.912296e-01                         30.407533
comp 114 1.296854e+00           1.907138e-01                         30.598247
comp 115 1.292801e+00           1.901178e-01                         30.788365
comp 116 1.286355e+00           1.891698e-01                         30.977534
comp 117 1.285871e+00           1.890987e-01                         31.166633
comp 118 1.283432e+00           1.887400e-01                         31.355373
comp 119 1.280985e+00           1.883802e-01                         31.543753
comp 120 1.279846e+00           1.882126e-01                         31.731966
comp 121 1.272978e+00           1.872027e-01                         31.919169
comp 122 1.270835e+00           1.868875e-01                         32.106056
comp 123 1.267011e+00           1.863251e-01                         32.292381
comp 124 1.262283e+00           1.856299e-01                         32.478011
comp 125 1.258206e+00           1.850303e-01                         32.663041
comp 126 1.256215e+00           1.847375e-01                         32.847779
comp 127 1.255242e+00           1.845945e-01                         33.032373
comp 128 1.251744e+00           1.840800e-01                         33.216453
comp 129 1.249686e+00           1.837774e-01                         33.400231
comp 130 1.247428e+00           1.834453e-01                         33.583676
comp 131 1.243966e+00           1.829361e-01                         33.766612
comp 132 1.239642e+00           1.823003e-01                         33.948913
comp 133 1.237112e+00           1.819283e-01                         34.130841
comp 134 1.235918e+00           1.817526e-01                         34.312593
comp 135 1.232076e+00           1.811876e-01                         34.493781
comp 136 1.228735e+00           1.806964e-01                         34.674477
comp 137 1.225403e+00           1.802064e-01                         34.854684
comp 138 1.223945e+00           1.799920e-01                         35.034676
comp 139 1.222856e+00           1.798317e-01                         35.214507
comp 140 1.220971e+00           1.795546e-01                         35.394062
comp 141 1.217862e+00           1.790974e-01                         35.573159
comp 142 1.214957e+00           1.786702e-01                         35.751830
comp 143 1.213284e+00           1.784241e-01                         35.930254
comp 144 1.210929e+00           1.780777e-01                         36.108331
comp 145 1.206449e+00           1.774189e-01                         36.285750
comp 146 1.203896e+00           1.770435e-01                         36.462794
comp 147 1.202210e+00           1.767956e-01                         36.639590
comp 148 1.200625e+00           1.765625e-01                         36.816152
comp 149 1.199141e+00           1.763442e-01                         36.992496
comp 150 1.196635e+00           1.759757e-01                         37.168472
comp 151 1.194108e+00           1.756042e-01                         37.344076
comp 152 1.191877e+00           1.752760e-01                         37.519352
comp 153 1.191247e+00           1.751833e-01                         37.694535
comp 154 1.188177e+00           1.747319e-01                         37.869267
comp 155 1.184381e+00           1.741737e-01                         38.043441
comp 156 1.182951e+00           1.739634e-01                         38.217404
comp 157 1.180611e+00           1.736192e-01                         38.391024
comp 158 1.178665e+00           1.733331e-01                         38.564357
comp 159 1.176680e+00           1.730412e-01                         38.737398
comp 160 1.173589e+00           1.725866e-01                         38.909984
comp 161 1.171273e+00           1.722460e-01                         39.082231
comp 162 1.170533e+00           1.721373e-01                         39.254368
comp 163 1.169357e+00           1.719643e-01                         39.426332
comp 164 1.167232e+00           1.716518e-01                         39.597984
comp 165 1.163303e+00           1.710740e-01                         39.769058
comp 166 1.162050e+00           1.708897e-01                         39.939948
comp 167 1.159305e+00           1.704861e-01                         40.110434
comp 168 1.157512e+00           1.702224e-01                         40.280656
comp 169 1.155637e+00           1.699466e-01                         40.450603
comp 170 1.152946e+00           1.695509e-01                         40.620154
comp 171 1.152175e+00           1.694375e-01                         40.789591
comp 172 1.148962e+00           1.689650e-01                         40.958556
comp 173 1.147496e+00           1.687495e-01                         41.127306
comp 174 1.145426e+00           1.684449e-01                         41.295751
comp 175 1.144673e+00           1.683342e-01                         41.464085
comp 176 1.144033e+00           1.682401e-01                         41.632325
comp 177 1.143630e+00           1.681809e-01                         41.800506
comp 178 1.139699e+00           1.676028e-01                         41.968109
comp 179 1.137463e+00           1.672739e-01                         42.135383
comp 180 1.135316e+00           1.669583e-01                         42.302341
comp 181 1.134101e+00           1.667796e-01                         42.469120
comp 182 1.131614e+00           1.664139e-01                         42.635534
comp 183 1.129600e+00           1.661177e-01                         42.801652
comp 184 1.127946e+00           1.658744e-01                         42.967526
comp 185 1.127099e+00           1.657499e-01                         43.133276
comp 186 1.126061e+00           1.655972e-01                         43.298873
comp 187 1.123265e+00           1.651860e-01                         43.464059
comp 188 1.123067e+00           1.651569e-01                         43.629216
comp 189 1.120218e+00           1.647380e-01                         43.793954
comp 190 1.117339e+00           1.643146e-01                         43.958269
comp 191 1.117009e+00           1.642660e-01                         44.122535
comp 192 1.116126e+00           1.641362e-01                         44.286671
comp 193 1.115187e+00           1.639980e-01                         44.450669
comp 194 1.113091e+00           1.636898e-01                         44.614359
comp 195 1.110681e+00           1.633355e-01                         44.777694
comp 196 1.107400e+00           1.628529e-01                         44.940547
comp 197 1.106261e+00           1.626854e-01                         45.103233
comp 198 1.105352e+00           1.625518e-01                         45.265785
comp 199 1.102411e+00           1.621192e-01                         45.427904
comp 200 1.101669e+00           1.620101e-01                         45.589914
comp 201 1.100395e+00           1.618228e-01                         45.751737
comp 202 1.096986e+00           1.613215e-01                         45.913058
comp 203 1.095490e+00           1.611014e-01                         46.074160
comp 204 1.094490e+00           1.609545e-01                         46.235114
comp 205 1.094039e+00           1.608881e-01                         46.396002
comp 206 1.091693e+00           1.605432e-01                         46.556545
comp 207 1.090769e+00           1.604072e-01                         46.716952
comp 208 1.089631e+00           1.602399e-01                         46.877192
comp 209 1.087720e+00           1.599589e-01                         47.037151
comp 210 1.087246e+00           1.598891e-01                         47.197040
comp 211 1.086571e+00           1.597899e-01                         47.356830
comp 212 1.084432e+00           1.594753e-01                         47.516306
comp 213 1.082726e+00           1.592244e-01                         47.675530
comp 214 1.082007e+00           1.591187e-01                         47.834649
comp 215 1.080205e+00           1.588536e-01                         47.993502
comp 216 1.077921e+00           1.585178e-01                         48.152020
comp 217 1.077352e+00           1.584341e-01                         48.310454
comp 218 1.075701e+00           1.581914e-01                         48.468646
comp 219 1.073595e+00           1.578816e-01                         48.626527
comp 220 1.073395e+00           1.578523e-01                         48.784379
comp 221 1.071007e+00           1.575010e-01                         48.941880
comp 222 1.069762e+00           1.573180e-01                         49.099198
comp 223 1.069338e+00           1.572556e-01                         49.256454
comp 224 1.066289e+00           1.568073e-01                         49.413261
comp 225 1.064680e+00           1.565706e-01                         49.569832
comp 226 1.064257e+00           1.565084e-01                         49.726340
comp 227 1.062730e+00           1.562838e-01                         49.882624
comp 228 1.061357e+00           1.560819e-01                         50.038706
comp 229 1.059717e+00           1.558407e-01                         50.194547
comp 230 1.058316e+00           1.556348e-01                         50.350181
comp 231 1.056701e+00           1.553972e-01                         50.505579
comp 232 1.055127e+00           1.551658e-01                         50.660744
comp 233 1.053154e+00           1.548755e-01                         50.815620
comp 234 1.052573e+00           1.547901e-01                         50.970410
comp 235 1.050595e+00           1.544992e-01                         51.124909
comp 236 1.049838e+00           1.543879e-01                         51.279297
comp 237 1.049367e+00           1.543187e-01                         51.433616
comp 238 1.049000e+00           1.542647e-01                         51.587881
comp 239 1.046968e+00           1.539658e-01                         51.741846
comp 240 1.046169e+00           1.538484e-01                         51.895695
comp 241 1.045553e+00           1.537578e-01                         52.049453
comp 242 1.044329e+00           1.535779e-01                         52.203031
comp 243 1.043631e+00           1.534752e-01                         52.356506
comp 244 1.041580e+00           1.531736e-01                         52.509679
comp 245 1.041254e+00           1.531255e-01                         52.662805
comp 246 1.040030e+00           1.529456e-01                         52.815750
comp 247 1.039691e+00           1.528957e-01                         52.968646
comp 248 1.037191e+00           1.525281e-01                         53.121174
comp 249 1.036691e+00           1.524546e-01                         53.273629
comp 250 1.036487e+00           1.524246e-01                         53.426053
comp 251 1.035078e+00           1.522174e-01                         53.578271
comp 252 1.033544e+00           1.519918e-01                         53.730263
comp 253 1.032313e+00           1.518107e-01                         53.882073
comp 254 1.031434e+00           1.516814e-01                         54.033755
comp 255 1.031259e+00           1.516557e-01                         54.185410
comp 256 1.030350e+00           1.515221e-01                         54.336933
comp 257 1.029048e+00           1.513305e-01                         54.488263
comp 258 1.028836e+00           1.512994e-01                         54.639562
comp 259 1.026613e+00           1.509725e-01                         54.790535
comp 260 1.025841e+00           1.508590e-01                         54.941394
comp 261 1.025350e+00           1.507868e-01                         55.092181
comp 262 1.023334e+00           1.504903e-01                         55.242671
comp 263 1.022309e+00           1.503395e-01                         55.393011
comp 264 1.021714e+00           1.502520e-01                         55.543263
comp 265 1.021375e+00           1.502022e-01                         55.693465
comp 266 1.020698e+00           1.501027e-01                         55.843567
comp 267 1.019256e+00           1.498905e-01                         55.993458
comp 268 1.017909e+00           1.496925e-01                         56.143150
comp 269 1.016564e+00           1.494947e-01                         56.292645
comp 270 1.015535e+00           1.493434e-01                         56.441989
comp 271 1.015030e+00           1.492691e-01                         56.591258
comp 272 1.013848e+00           1.490952e-01                         56.740353
comp 273 1.013616e+00           1.490612e-01                         56.889414
comp 274 1.012403e+00           1.488828e-01                         57.038297
comp 275 1.011736e+00           1.487848e-01                         57.187082
comp 276 1.010817e+00           1.486495e-01                         57.335731
comp 277 1.010251e+00           1.485664e-01                         57.484298
comp 278 1.009820e+00           1.485029e-01                         57.632800
comp 279 1.008982e+00           1.483797e-01                         57.781180
comp 280 1.008182e+00           1.482621e-01                         57.929442
comp 281 1.006856e+00           1.480671e-01                         58.077509
comp 282 1.006770e+00           1.480544e-01                         58.225564
comp 283 1.006632e+00           1.480342e-01                         58.373598
comp 284 1.005844e+00           1.479182e-01                         58.521516
comp 285 1.004241e+00           1.476825e-01                         58.669199
comp 286 1.003694e+00           1.476021e-01                         58.816801
comp 287 1.003386e+00           1.475567e-01                         58.964358
comp 288 1.002041e+00           1.473589e-01                         59.111716
comp 289 1.001173e+00           1.472314e-01                         59.258948
comp 290 1.000614e+00           1.471491e-01                         59.406097
comp 291 9.997471e-01           1.470216e-01                         59.553119
comp 292 9.990464e-01           1.469186e-01                         59.700037
comp 293 9.972040e-01           1.466476e-01                         59.846685
comp 294 9.969791e-01           1.466146e-01                         59.993299
comp 295 9.958414e-01           1.464473e-01                         60.139747
comp 296 9.950754e-01           1.463346e-01                         60.286081
comp 297 9.928184e-01           1.460027e-01                         60.432084
comp 298 9.927891e-01           1.459984e-01                         60.578082
comp 299 9.919758e-01           1.458788e-01                         60.723961
comp 300 9.908984e-01           1.457203e-01                         60.869681
comp 301 9.903599e-01           1.456412e-01                         61.015323
comp 302 9.875425e-01           1.452268e-01                         61.160549
comp 303 9.858578e-01           1.449791e-01                         61.305529
comp 304 9.852756e-01           1.448935e-01                         61.450422
comp 305 9.841220e-01           1.447238e-01                         61.595146
comp 306 9.837600e-01           1.446706e-01                         61.739816
comp 307 9.829061e-01           1.445450e-01                         61.884361
comp 308 9.825971e-01           1.444996e-01                         62.028861
comp 309 9.810630e-01           1.442740e-01                         62.173135
comp 310 9.805062e-01           1.441921e-01                         62.317327
comp 311 9.773636e-01           1.437299e-01                         62.461057
comp 312 9.767867e-01           1.436451e-01                         62.604702
comp 313 9.759126e-01           1.435166e-01                         62.748219
comp 314 9.749241e-01           1.433712e-01                         62.891590
comp 315 9.747599e-01           1.433470e-01                         63.034937
comp 316 9.735172e-01           1.431643e-01                         63.178101
comp 317 9.728823e-01           1.430709e-01                         63.321172
comp 318 9.725356e-01           1.430199e-01                         63.464192
comp 319 9.715580e-01           1.428762e-01                         63.607068
comp 320 9.698854e-01           1.426302e-01                         63.749698
comp 321 9.688489e-01           1.424778e-01                         63.892176
comp 322 9.685179e-01           1.424291e-01                         64.034605
comp 323 9.662970e-01           1.421025e-01                         64.176708
comp 324 9.653502e-01           1.419633e-01                         64.318671
comp 325 9.632628e-01           1.416563e-01                         64.460327
comp 326 9.626084e-01           1.415601e-01                         64.601887
comp 327 9.599631e-01           1.411710e-01                         64.743059
comp 328 9.582014e-01           1.409120e-01                         64.883970
comp 329 9.568925e-01           1.407195e-01                         65.024690
comp 330 9.561004e-01           1.406030e-01                         65.165293
comp 331 9.552777e-01           1.404820e-01                         65.305775
comp 332 9.550372e-01           1.404467e-01                         65.446222
comp 333 9.534771e-01           1.402172e-01                         65.586439
 [ reached getOption("max.print") -- omitted 347 rows ]
> # correlations between variables and PCs
> pca3$var$coord
             Dim.1      Dim.2      Dim.3       Dim.4
Murder   0.8439764 -0.4160354  0.2037600  0.27037052
Assault  0.9184432 -0.1870211  0.1601192 -0.30959159
UrbanPop 0.4381168  0.8683282  0.2257242  0.05575330
Rape     0.8558394  0.1664602 -0.4883190  0.03707412
> # correlations between variables and PCs
> pca_1$var$coord
                                 Dim.1         Dim.2         Dim.3         Dim.4
title                    -1.784340e-02 -1.019417e-01  6.621198e-02  2.359840e-02
rating                    1.636822e-01 -1.580077e-01 -2.063034e-01 -1.277556e-02
calories                 -6.328703e-02 -1.216151e-01 -2.466636e-01  1.796408e-01
protein                   4.369851e-03  3.272688e-03 -3.455199e-02  5.909059e-02
fat                       5.546349e-03  2.033322e-02 -4.152473e-02  4.574381e-02
sodium                    4.366818e-03  1.932771e-02 -4.186356e-02  4.437557e-02
#cakeweek                 1.762660e-02  3.726131e-02 -2.050793e-02 -1.072671e-02
#wasteless                1.050316e-02 -2.048139e-03  3.990073e-03  1.054413e-02
22-minute meals           1.531223e-03 -2.790913e-02  7.805498e-03  9.044685e-03
3-ingredient recipes     -9.196773e-03  3.851602e-03 -1.993070e-02  7.003312e-03
30 days of groceries      5.791509e-03 -2.293235e-02  9.690249e-03  8.439679e-03
advance prep required     4.356764e-02  9.696489e-04  3.005084e-02 -3.238838e-02
alabama                  -9.295837e-03 -2.949255e-04 -6.210231e-03 -2.744307e-03
alaska                   -8.589749e-03 -6.071976e-03 -8.562248e-03  3.820338e-04
alcoholic                -4.235933e-01  4.812326e-01  5.955942e-01  1.807274e-01
almond                    5.315160e-02  1.710624e-01 -1.642307e-01 -3.243674e-02
amaretto                 -1.779898e-04  8.430916e-02 -2.504416e-02 -1.095134e-02
anchovy                   1.564431e-02 -2.697090e-02  2.036659e-02 -1.055543e-02
anise                    -1.332286e-02  4.265006e-02 -1.704218e-02  8.404399e-04
anniversary               2.550996e-03  7.115806e-02  5.403277e-02  3.358240e-02
anthony bourdain         -9.447796e-03 -9.228691e-03 -3.412780e-03  8.468268e-03
aperitif                 -4.995117e-02  5.236268e-02  5.934877e-02  2.445291e-02
appetizer                 1.863809e-01 -1.052427e-01  1.444650e-01  3.121756e-03
apple                     2.357612e-02  9.774285e-02 -9.068178e-02  1.128323e-01
apple juice               1.218627e-04  1.582869e-02  8.667472e-03  2.786389e-02
apricot                   2.782678e-02  1.147558e-01 -8.510000e-02 -1.135202e-05
arizona                  -1.119611e-03 -9.116058e-03 -5.309087e-03 -1.757759e-03
artichoke                 2.422525e-02 -6.200205e-02  2.728819e-02  1.681804e-02
arugula                   2.409163e-02 -8.520861e-02  4.396096e-02 -6.641441e-02
asian pear                1.539399e-02 -9.277006e-03  1.431413e-02 -2.556700e-02
asparagus                 3.381576e-02 -6.575059e-02  3.070307e-02  9.812878e-03
aspen                     8.621364e-04 -8.829357e-03 -5.973368e-04  7.560097e-03
atlanta                   8.258756e-03 -1.110118e-03 -6.591161e-03  6.544826e-03
australia                -1.122114e-02 -6.367000e-03 -2.827639e-03 -2.111217e-02
avocado                   2.034379e-02 -7.260809e-02  6.607592e-02 -1.288463e-01
back to school            4.188716e-02  3.449238e-02 -4.944754e-02 -2.141642e-02
backyard bbq             -2.282346e-03 -6.558997e-02  1.975624e-01 -3.521895e-01
bacon                    -1.767394e-02 -1.182382e-01 -1.982204e-02  1.261592e-01
bake                      1.408878e-01  3.372010e-01 -4.311392e-01  1.297160e-01
banana                    3.468764e-02  1.331518e-01 -5.095325e-02 -8.032119e-02
barley                    1.493744e-02 -3.548057e-02  7.705144e-03  3.999946e-02
basil                    -1.858554e-02 -1.151973e-01  2.429922e-02 -1.001347e-01
bass                     -2.182809e-02 -5.197804e-02  1.789343e-03 -1.977963e-02
bastille day             -7.491361e-03  1.881499e-02  9.453497e-03  2.685411e-02
bean                      2.707127e-03 -1.383360e-01  2.541840e-02  3.591547e-02
beef                     -1.032240e-01 -1.658852e-01 -2.888637e-02  4.309203e-02
beef rib                 -1.362062e-02 -4.275353e-02 -1.057058e-02  5.832937e-02
beef shank               -4.116456e-03 -2.881367e-02  8.184551e-04  3.001906e-02
beef tenderloin          -2.914433e-02 -4.345650e-02 -1.325895e-02  2.903640e-02
beer                     -2.894061e-02 -1.589927e-02  3.224247e-02  4.213503e-03
beet                      5.874670e-02 -4.790966e-02  4.382786e-02  3.343337e-02
bell pepper              -6.889051e-03 -1.527160e-01  3.327147e-02 -5.166045e-02
berry                     7.397630e-02  2.335845e-01 -8.368060e-02 -1.550566e-01
beverly hills            -7.289022e-03 -6.329665e-03 -7.555462e-03  1.324957e-02
birthday                  4.402707e-02  1.887037e-01 -3.735291e-02 -6.430582e-02
biscuit                   8.337909e-03  4.394721e-03 -3.782077e-03  2.306023e-03
bitters                  -1.985590e-01  1.947676e-01  2.735551e-01  1.315751e-01
blackberry                3.334162e-02  1.394614e-01 -3.244875e-02 -1.223237e-01
blender                  -4.006351e-02 -3.223538e-03  2.604770e-02 -1.133128e-01
blue cheese               1.516582e-03 -3.908843e-02 -1.705807e-02  1.968728e-03
blueberry                 6.512490e-02  1.455236e-01 -5.292770e-02 -1.434069e-01
boil                      2.852449e-02 -2.620938e-02  3.856487e-02  2.433373e-02
bok choy                  1.536766e-02 -5.470237e-02  3.295473e-02 -7.157873e-03
bon appétit               9.872262e-02 -4.523514e-02 -7.885170e-02 -1.097268e-02
bon app??tit              6.027632e-03  5.847128e-03 -4.832394e-03  7.949129e-03
boston                   -1.121171e-02  2.890441e-03 -2.647298e-03  1.789852e-03
bourbon                  -6.645909e-02  1.201557e-01  5.002990e-02  5.716311e-02
braise                   -2.719248e-02 -9.434972e-02 -2.234572e-02  1.570496e-01
bran                      9.537317e-03  1.494219e-02 -1.906620e-02  4.107631e-03
brandy                   -1.216287e-01  1.942077e-01  1.129522e-01  1.166592e-01
bread                     1.372422e-02  5.126459e-02 -1.039792e-01  4.568539e-02
breadcrumbs              -6.466246e-03 -2.694397e-02 -6.827351e-03  2.465612e-02
breakfast                 1.519694e-01  1.206977e-01 -5.975472e-02  1.866028e-02
brie                      4.211465e-04 -8.066378e-03 -1.068392e-03 -1.091927e-03
brine                    -1.925501e-02 -2.546148e-02 -5.666280e-03  1.832369e-02
brisket                  -2.158103e-03 -2.990877e-02  5.543257e-04  4.711165e-02
broccoli                  2.414071e-02 -6.103875e-02  2.248534e-02  2.560013e-02
broccoli rabe             2.831291e-02 -3.641152e-02  1.701192e-02  3.466716e-02
broil                    -2.409083e-02 -8.214032e-02  1.011757e-03 -4.806021e-02
brooklyn                  3.538456e-03 -3.622308e-03 -4.447243e-03 -6.468202e-03
brown rice                3.838127e-02 -1.504145e-02  2.584356e-02  2.169080e-02
brownie                   1.066880e-03  1.568274e-02 -1.484670e-02 -7.716229e-03
brunch                    1.579180e-01  1.416044e-01  1.857037e-03  3.748988e-02
brussel sprout            2.855672e-02 -2.775753e-02  4.962575e-03  6.662930e-02
buffalo                  -1.235953e-02 -1.080489e-02 -2.180305e-03  1.931553e-03
buffet                    7.505239e-03 -3.510758e-02  2.706445e-02 -2.338814e-02
bulgaria                  6.512318e-03 -1.150681e-03 -1.452848e-03  6.145436e-03
bulgur                    3.348035e-02 -2.229251e-02  2.690623e-02 -1.788914e-02
burrito                  -2.944987e-03 -5.546171e-03 -1.958752e-03  5.391914e-03
butter                    3.992173e-02  4.578525e-02 -3.777094e-02  1.181376e-02
buttermilk                1.914793e-02  2.396504e-02 -2.325284e-02 -1.065357e-02
butternut squash          3.572615e-02 -5.158452e-02 -6.453525e-03  1.313985e-01
butterscotch/caramel     -5.622549e-03  2.848808e-02 -2.870691e-02 -7.000486e-03
cabbage                   4.246250e-02 -7.819269e-02  5.150176e-02  3.900194e-03
cake                      1.050949e-01  3.199362e-01 -2.682572e-01 -4.989585e-02
california               -1.996221e-02 -2.225060e-02 -4.397970e-02  7.405005e-03
calvados                 -1.129820e-02  3.081929e-02 -4.847821e-03  5.582444e-02
cambridge                 1.551555e-02  1.090893e-02 -7.948532e-03 -1.775497e-03
campari                  -5.064448e-02  6.700909e-02  8.179426e-02  1.987908e-02
camping                  -5.532601e-03 -4.646247e-03  1.521525e-03 -1.339015e-02
canada                   -4.916615e-03 -1.530282e-05 -1.987982e-02  7.450032e-03
candy                     1.286358e-02  7.397803e-02 -6.196426e-02 -1.901047e-02
candy thermometer         2.561858e-02  6.437249e-02 -4.066453e-02 -2.426667e-02
cantaloupe                1.469307e-02  2.255378e-02  4.442758e-02 -1.155829e-01
capers                   -1.197247e-02 -7.520523e-02  2.196916e-02 -4.665492e-02
caraway                  -8.673326e-03 -1.954353e-02 -4.778874e-03  1.503217e-04
cardamom                 -2.040472e-03  2.370627e-02 -6.073120e-03  4.715524e-03
carrot                    3.904892e-02 -1.289742e-01  3.190407e-02  1.426562e-01
cashew                    1.672284e-02  2.438718e-02 -3.207157e-02 -2.052424e-02
casserole/gratin          4.575750e-02 -2.953585e-02 -3.701655e-02  1.508859e-01
cauliflower               4.476187e-02 -4.670782e-02  2.779162e-02  4.977125e-02
caviar                   -5.800996e-03 -4.399004e-03  1.817174e-04 -5.753271e-04
celery                   -3.008238e-03 -8.708406e-02  2.207427e-02  6.785818e-02
chambord                 -5.288312e-02  7.726223e-02  7.284601e-02  1.418090e-02
champagne                -1.172231e-01  2.037037e-01  2.499797e-01  7.460838e-02
chard                     3.516181e-02 -4.236767e-02  1.945189e-02  4.905137e-02
chartreuse               -7.359319e-02  7.689883e-02  1.042270e-01  4.724262e-02
cheddar                   4.066481e-03 -2.659955e-02 -4.565364e-02  5.646971e-02
cheese                    3.539236e-02 -7.940363e-02 -6.106918e-02  4.893788e-02
cherry                   -1.447854e-03  1.414125e-01 -4.748488e-02  3.684855e-03
chestnut                 -1.939833e-03 -1.750637e-03 -5.027051e-02  1.017127e-01
chicago                   3.842103e-03 -1.315210e-02  5.757323e-03  8.100070e-05
chicken                  -9.481865e-02 -1.962009e-01 -2.277500e-02  7.676423e-03
chickpea                  3.709478e-02 -6.241134e-02  4.227811e-02 -2.355492e-03
chile                     5.016202e-03 -1.849113e-02  1.329624e-02 -8.638538e-03
chile pepper              3.038740e-02 -6.532562e-02  7.436149e-02 -5.081270e-02
chili                    -1.128044e-02 -1.527388e-02 -4.285677e-03  4.131049e-03
chill                     1.718178e-02  1.501368e-01 -1.050316e-01 -1.372999e-01
chive                     3.300678e-02 -4.661615e-02  2.277898e-02 -3.222755e-03
chocolate                 7.061699e-02  3.157944e-01 -2.539375e-01 -5.872638e-02
christmas                 2.709912e-02  1.836133e-01 -7.892072e-02  3.074976e-01
christmas eve             2.726491e-02  9.662917e-02  2.115911e-02  2.292810e-01
cilantro                 -1.602189e-02 -1.284941e-01  6.828957e-02 -1.601290e-01
cinco de mayo            -2.345501e-02  2.352597e-02  1.163156e-01 -7.459559e-02
cinnamon                  4.006795e-03  1.419759e-01 -6.860904e-02  6.607592e-02
citrus                    2.281575e-02  5.070990e-02 -5.956695e-03 -7.858216e-02
clam                     -3.261076e-02 -8.461251e-02  2.356311e-03  1.819285e-02
clove                    -3.003974e-02  8.660748e-02 -3.443616e-03  9.411633e-02
cobbler/crumble           6.734567e-03  1.800575e-02 -1.460166e-02 -8.483193e-04
cocktail                 -2.889077e-01  3.152503e-01  4.286048e-01  1.191621e-01
cocktail party           -3.097063e-01  3.416840e-01  4.591743e-01  1.017957e-01
coconut                   3.656319e-02  9.173715e-02 -5.335986e-02 -6.995992e-02
cod                      -6.280550e-03 -4.721379e-02  1.205280e-02  4.029958e-03
coffee                    1.440070e-02  1.370045e-01 -8.002924e-02 -1.372735e-02
coffee grinder           -8.380068e-03 -1.194718e-02  6.282075e-03 -6.571405e-03
cognac/armagnac          -3.815096e-02  8.112245e-02 -1.457684e-03  6.492917e-02
collard greens            3.043433e-02 -2.420407e-02  2.103693e-02  2.883708e-02
colorado                  4.661660e-03 -1.318477e-02 -5.366063e-03 -6.981047e-03
columbus                 -8.619591e-03 -1.667327e-03 -1.805752e-02  8.760901e-03
condiment                -2.209569e-02 -4.281448e-03 -2.354880e-03 -4.466264e-02
condiment/spread         -7.401134e-02 -3.685718e-02 -2.583643e-02 -1.707189e-01
connecticut              -1.087325e-02 -1.075612e-02 -1.567977e-02  1.406436e-02
cook like a diner         1.456757e-02 -4.390267e-03  4.159212e-03  1.332069e-02
cookbook critic          -1.001502e-02  8.990826e-04 -9.996753e-03 -3.380009e-03
cookie                    9.839481e-04 -2.569737e-05 -1.819350e-02 -9.192101e-04
cookies                   5.614510e-02  1.795212e-01 -1.496482e-01  5.033997e-03
coriander                -1.244059e-03 -4.146472e-02  1.446508e-02 -2.113049e-02
corn                      3.434673e-02 -9.145532e-02  3.412414e-02 -2.845938e-02
cornmeal                  2.599197e-02  1.003127e-02 -5.532625e-02  5.892466e-02
costa mesa               -3.191449e-03 -4.928317e-03 -5.080194e-03  1.444398e-03
cottage cheese            3.340648e-02  2.898358e-02 -2.478812e-02  4.080754e-03
couscous                  2.896713e-02 -4.124955e-02  2.072580e-02 -1.379280e-03
crab                     -2.545090e-02 -5.099444e-02  1.613544e-02 -3.650309e-02
cranberry                 5.141207e-03  1.366431e-01 -3.737080e-02  9.334647e-02
cranberry sauce          -1.161568e-02 -4.131221e-03 -9.589435e-03  2.369201e-02
cream cheese              6.883191e-02  1.657922e-01 -1.437429e-01 -4.845879e-02
créme de cacao           -7.311902e-02  8.718643e-02  9.305570e-02  5.516195e-02
crêpe                     7.246120e-03  5.945558e-03 -4.507446e-03  7.862606e-03
cr??me de cacao           1.543610e-03  2.012981e-02  1.614662e-02  6.193679e-03
cuba                     -1.258821e-02 -6.162207e-03 -4.801820e-03 -4.461676e-04
cucumber                  1.294192e-02 -6.517656e-02  1.059715e-01 -1.711353e-01
cumin                    -2.791080e-03 -4.092951e-02  2.124263e-02 -2.140548e-02
cupcake                  -7.963050e-03  8.124695e-03 -1.079780e-02 -8.947854e-04
currant                   4.931303e-03  6.389355e-02 -4.116941e-02  5.088096e-02
curry                    -1.195874e-02 -6.232653e-02 -2.205625e-03 -1.642621e-02
custard                  -4.275714e-03  4.757540e-03 -1.060369e-02  9.479334e-04
dairy                     6.999002e-02  1.613651e-01 -1.876992e-01 -4.824194e-02
dairy free                5.138028e-01 -1.301192e-01  3.882119e-01  1.527600e-03
dallas                   -1.055146e-02 -6.042800e-03 -1.072396e-02 -1.037967e-02
date                      3.076771e-02  6.999537e-02 -6.512491e-02  4.303179e-03
deep-fry                  2.677984e-02 -2.838786e-04  1.509098e-02  2.146313e-02
denver                    2.472612e-02 -1.311807e-02  1.763935e-02 -1.318191e-03
dessert                   2.697118e-01  6.374353e-01 -4.166457e-01 -1.686437e-01
digestif                 -1.272260e-02  3.815830e-02  3.862212e-02  5.310777e-03
dill                     -4.722024e-04 -6.368456e-02  1.866741e-02 -4.472496e-02
dinner                    2.100336e-01 -2.958602e-01  1.896693e-01  1.310208e-01
dip                      -1.196620e-02 -1.055342e-02  4.518437e-03 -1.811194e-02
diwali                    3.116223e-03 -6.344372e-03 -8.501583e-03 -1.560311e-02
dominican republic       -8.812617e-03 -1.345471e-02 -1.560967e-03 -5.281986e-03
dorie greenspan          -4.575683e-03  9.690779e-03 -1.185279e-02  2.805482e-03
double boiler             1.673200e-02  7.805267e-02 -6.233779e-02 -2.239917e-02
dried fruit               4.678210e-02  7.249316e-02 -6.510329e-02  6.928568e-02
drink                    -4.225431e-01  4.906953e-01  5.829611e-01  1.220577e-01
drinks                   -1.746218e-02  2.292777e-02  2.454334e-02 -2.668888e-02
duck                     -2.033493e-02 -2.883437e-02 -1.604239e-02  7.017202e-02
easter                    5.134718e-02  3.098769e-02  5.255395e-05  9.129923e-03
eau de vie               -6.073735e-03  3.653183e-02 -2.363348e-02  4.110210e-03
edible gift               2.546619e-02  9.116854e-02 -6.840211e-02  9.637528e-03
egg                       1.179746e-01  2.348339e-01 -1.871578e-01  2.578922e-02
egg nog                  -2.275543e-02  3.466347e-02  1.908589e-02  4.160363e-02
                                 Dim.5
title                    -5.507815e-02
rating                    1.278522e-01
calories                  3.236725e-01
protein                   6.739490e-02
fat                       5.195466e-02
sodium                    5.531098e-02
#cakeweek                 2.894698e-02
#wasteless               -1.074862e-03
22-minute meals           2.038372e-02
3-ingredient recipes      5.944837e-03
30 days of groceries      1.179177e-02
advance prep required     1.217430e-01
alabama                  -6.630978e-03
alaska                    1.063120e-02
alcoholic                 2.562259e-02
almond                   -2.465765e-02
amaretto                  9.427155e-03
anchovy                   7.010487e-03
anise                    -1.965173e-02
anniversary               1.464535e-01
anthony bourdain          1.455451e-02
aperitif                 -5.065675e-03
appetizer                 6.575902e-02
apple                    -6.439849e-02
apple juice               1.007631e-03
apricot                  -1.375107e-02
arizona                   3.069689e-04
artichoke                 6.647774e-03
arugula                  -2.712780e-02
asian pear               -4.975739e-02
asparagus                -1.628114e-02
aspen                     9.070290e-03
atlanta                   9.524700e-03
australia                -1.090481e-02
avocado                  -4.858759e-02
back to school            7.956364e-02
backyard bbq              4.220784e-01
bacon                     9.744157e-02
bake                      1.368571e-01
banana                   -1.852981e-02
barley                   -1.985085e-02
basil                    -8.394851e-04
bass                     -6.517740e-03
bastille day              3.305856e-02
bean                     -3.188577e-02
beef                      2.328256e-01
beef rib                  1.072582e-01
beef shank                1.918550e-02
beef tenderloin           7.468086e-02
beer                      9.057434e-02
beet                     -9.297499e-02
bell pepper              -3.428771e-02
berry                     4.841430e-02
beverly hills             5.447247e-03
birthday                  1.519121e-01
biscuit                   5.078100e-03
bitters                  -1.319269e-02
blackberry                3.878352e-02
blender                  -8.771225e-02
blue cheese               1.397382e-02
blueberry                 5.331121e-02
boil                     -4.883647e-02
bok choy                  4.878456e-03
bon appétit               3.542068e-02
bon app??tit             -1.536938e-02
boston                    2.952044e-03
bourbon                   3.782907e-02
braise                    1.008810e-01
bran                     -4.923287e-03
brandy                    1.268091e-02
bread                     2.670907e-02
breadcrumbs               5.741780e-02
breakfast                 3.124342e-02
brie                      7.384206e-03
brine                     4.264161e-02
brisket                   7.853414e-02
broccoli                 -4.027412e-02
broccoli rabe             2.661721e-03
broil                     4.813522e-02
brooklyn                  1.573476e-02
brown rice               -2.579878e-02
brownie                   6.182054e-03
brunch                    5.923487e-02
brussel sprout           -2.898072e-02
buffalo                   2.408470e-02
buffet                    4.454287e-04
bulgaria                  3.961812e-03
bulgur                   -2.931253e-02
burrito                   3.787896e-04
butter                    6.613049e-02
buttermilk                2.206080e-02
butternut squash         -4.184196e-02
butterscotch/caramel      1.408682e-02
cabbage                  -4.985928e-02
cake                      1.027713e-01
california                1.355050e-03
calvados                  1.840663e-03
cambridge                 5.102149e-03
campari                  -5.498808e-03
camping                   2.031081e-02
canada                    1.866438e-03
candy                    -1.692100e-02
candy thermometer         2.718072e-02
cantaloupe               -4.915123e-02
capers                   -2.446913e-02
caraway                   2.552769e-03
cardamom                 -8.501326e-03
carrot                   -8.303989e-02
cashew                   -3.008552e-02
casserole/gratin          3.742012e-02
cauliflower              -4.503266e-02
caviar                   -2.766833e-04
celery                   -6.709008e-02
chambord                  2.671042e-02
champagne                 2.662776e-02
chard                    -3.177404e-02
chartreuse               -7.677137e-04
cheddar                   8.904828e-02
cheese                    1.372348e-01
cherry                    6.180020e-03
chestnut                 -1.057688e-02
chicago                   1.274443e-02
chicken                   1.069348e-01
chickpea                 -3.682506e-02
chile                     9.196878e-03
chile pepper              5.473042e-04
chili                     6.283022e-03
chill                    -4.045430e-02
chive                    -1.914038e-02
chocolate                 7.034437e-02
christmas                 1.435772e-02
christmas eve             2.416666e-02
cilantro                 -7.667458e-02
cinco de mayo             1.523608e-02
cinnamon                 -2.334146e-02
citrus                   -4.272462e-02
clam                      6.508163e-02
clove                    -2.499034e-02
cobbler/crumble          -8.218175e-03
cocktail                  2.420123e-03
cocktail party            5.136708e-02
coconut                  -1.183823e-02
cod                       9.853109e-03
coffee                    4.723988e-02
coffee grinder            2.227604e-02
cognac/armagnac           1.711128e-02
collard greens           -3.278965e-02
colorado                  3.943208e-03
columbus                  5.733579e-03
condiment                -1.330802e-02
condiment/spread         -2.370313e-01
connecticut               3.931402e-03
cook like a diner         2.167701e-02
cookbook critic          -9.892270e-03
cookie                    2.317869e-02
cookies                   1.732632e-02
coriander                 1.341759e-02
corn                      3.092626e-02
cornmeal                  3.296262e-02
costa mesa               -2.474377e-03
cottage cheese           -2.127745e-03
couscous                 -2.016842e-02
crab                      2.699165e-02
cranberry                -8.891540e-02
cranberry sauce          -2.114089e-03
cream cheese              6.220981e-02
créme de cacao            6.929495e-03
crêpe                     2.082936e-03
cr??me de cacao           6.059124e-03
cuba                      3.945901e-03
cucumber                 -1.006146e-01
cumin                     7.696836e-03
cupcake                  -7.144732e-03
currant                  -2.780527e-02
curry                    -2.247883e-02
custard                  -1.837658e-03
dairy                     7.243209e-02
dairy free               -2.486454e-02
dallas                    9.447714e-04
date                     -3.741716e-02
deep-fry                  4.409102e-02
denver                   -6.960343e-04
dessert                   4.367930e-02
digestif                 -6.202633e-03
dill                     -4.293599e-02
dinner                    3.890864e-01
dip                      -2.426182e-02
diwali                   -2.044324e-02
dominican republic       -2.424572e-03
dorie greenspan          -8.480934e-04
double boiler             2.100762e-02
dried fruit              -3.492824e-02
drink                    -9.613196e-03
drinks                   -2.371588e-02
duck                      2.753690e-02
easter                    4.310695e-02
eau de vie                7.567159e-03
edible gift              -3.093375e-02
egg                       8.620482e-02
egg nog                   1.409748e-02
 [ reached getOption("max.print") -- omitted 480 rows ]
> # PCs (aka scores)
> head(pca_1$ind$coord)
       Dim.1      Dim.2      Dim.3       Dim.4      Dim.5
1 -1.7715259 -1.6971196 -1.0373336 -0.22812400 -0.2538634
2 -2.2889983  1.0021911 -1.6112524  2.34262404  0.8006497
3 -1.8834487 -1.2895223 -0.8675353  0.70956767 -0.7788726
4  2.5672290 -2.3182018  1.7064980 -0.07691569 -0.5956874
5 -0.7119559 -0.7950681 -1.7921801  1.08599686 -0.6738354
6 -1.7972088 -1.9818310 -0.8065368 -2.05173518  0.7507223