# Running SVD
> svd_1<-svd(epi_r)
> svd_1
$`d`
  [1] 4.215964e+07 1.452038e+06 4.366293e+05 2.998357e+05 5.833219e+04 3.070428e+02
  [7] 1.575087e+02 9.548933e+01 8.974997e+01 7.269942e+01 6.860157e+01 6.128251e+01
 [13] 5.761060e+01 5.531127e+01 5.480019e+01 5.259037e+01 5.222063e+01 5.024800e+01
 [19] 4.881600e+01 4.686455e+01 4.583923e+01 4.396675e+01 4.347307e+01 4.325968e+01
 [25] 4.246450e+01 4.230225e+01 4.120251e+01 4.111861e+01 4.020729e+01 4.001521e+01
 [31] 3.946033e+01 3.918298e+01 3.856942e+01 3.839766e+01 3.778899e+01 3.748882e+01
 [37] 3.707421e+01 3.660830e+01 3.638084e+01 3.591899e+01 3.537771e+01 3.517490e+01
 [43] 3.474169e+01 3.404168e+01 3.365064e+01 3.339577e+01 3.279949e+01 3.221055e+01
 [49] 3.196063e+01 3.160371e+01 3.138321e+01 3.110869e+01 3.059697e+01 3.038682e+01
 [55] 3.005847e+01 2.990749e+01 2.968617e+01 2.950783e+01 2.901330e+01 2.882161e+01
 [61] 2.851508e+01 2.848788e+01 2.837239e+01 2.806697e+01 2.781456e+01 2.744999e+01
 [67] 2.732489e+01 2.693904e+01 2.684616e+01 2.650912e+01 2.641311e+01 2.624247e+01
 [73] 2.614046e+01 2.579133e+01 2.569760e+01 2.549524e+01 2.526770e+01 2.510558e+01
 [79] 2.500073e+01 2.482347e+01 2.457819e+01 2.439746e+01 2.423740e+01 2.410825e+01
 [85] 2.383119e+01 2.357580e+01 2.347820e+01 2.330008e+01 2.324721e+01 2.310621e+01
 [91] 2.290629e+01 2.272698e+01 2.269854e+01 2.245942e+01 2.236071e+01 2.219736e+01
 [97] 2.208753e+01 2.194313e+01 2.181893e+01 2.170412e+01 2.155913e+01 2.145963e+01
[103] 2.139271e+01 2.131318e+01 2.124680e+01 2.104347e+01 2.086007e+01 2.076686e+01
[109] 2.073112e+01 2.048849e+01 2.040340e+01 2.030529e+01 2.024794e+01 2.003046e+01
[115] 1.997435e+01 1.970714e+01 1.961682e+01 1.953216e+01 1.943319e+01 1.930985e+01
[121] 1.918076e+01 1.910206e+01 1.899969e+01 1.893832e+01 1.884670e+01 1.872630e+01
[127] 1.866561e+01 1.861141e+01 1.849768e+01 1.840367e+01 1.834700e+01 1.822595e+01
[133] 1.811669e+01 1.802609e+01 1.799545e+01 1.792161e+01 1.787212e+01 1.781996e+01
[139] 1.769545e+01 1.757733e+01 1.752190e+01 1.742876e+01 1.733678e+01 1.729813e+01
[145] 1.722061e+01 1.714022e+01 1.710299e+01 1.703517e+01 1.697881e+01 1.690718e+01
[151] 1.688874e+01 1.668458e+01 1.665994e+01 1.656283e+01 1.652870e+01 1.648274e+01
[157] 1.637323e+01 1.629943e+01 1.624658e+01 1.613427e+01 1.601707e+01 1.593230e+01
[163] 1.591337e+01 1.586736e+01 1.581768e+01 1.579353e+01 1.576792e+01 1.568502e+01
[169] 1.563644e+01 1.560508e+01 1.558230e+01 1.548576e+01 1.546872e+01 1.539959e+01
[175] 1.534834e+01 1.533925e+01 1.525060e+01 1.522081e+01 1.518375e+01 1.511936e+01
[181] 1.508554e+01 1.503734e+01 1.493812e+01 1.487800e+01 1.479959e+01 1.476231e+01
[187] 1.470379e+01 1.464112e+01 1.461497e+01 1.451962e+01 1.448123e+01 1.445345e+01
[193] 1.441062e+01 1.434930e+01 1.427253e+01 1.425892e+01 1.415640e+01 1.410856e+01
[199] 1.404328e+01 1.401970e+01 1.398833e+01 1.389476e+01 1.386780e+01 1.381665e+01
[205] 1.375959e+01 1.373753e+01 1.365949e+01 1.357476e+01 1.353720e+01 1.349546e+01
[211] 1.342663e+01 1.334338e+01 1.328676e+01 1.325583e+01 1.320301e+01 1.318192e+01
[217] 1.310182e+01 1.302533e+01 1.292517e+01 1.287240e+01 1.285148e+01 1.273333e+01
[223] 1.271909e+01 1.269283e+01 1.260440e+01 1.257756e+01 1.253992e+01 1.246068e+01
[229] 1.241397e+01 1.233854e+01 1.231125e+01 1.229850e+01 1.228794e+01 1.224815e+01
[235] 1.221901e+01 1.217823e+01 1.213485e+01 1.207869e+01 1.203047e+01 1.200301e+01
[241] 1.194442e+01 1.192111e+01 1.186439e+01 1.184624e+01 1.174986e+01 1.173807e+01
[247] 1.166054e+01 1.160384e+01 1.157346e+01 1.156289e+01 1.153852e+01 1.147391e+01
[253] 1.142327e+01 1.136245e+01 1.130785e+01 1.130042e+01 1.123179e+01 1.119781e+01
[259] 1.114320e+01 1.111662e+01 1.109826e+01 1.105033e+01 1.094143e+01 1.092450e+01
[265] 1.090867e+01 1.084348e+01 1.083167e+01 1.077510e+01 1.076512e+01 1.075124e+01
[271] 1.065710e+01 1.062576e+01 1.060957e+01 1.058367e+01 1.055477e+01 1.051994e+01
[277] 1.046532e+01 1.043973e+01 1.040392e+01 1.033411e+01 1.031911e+01 1.031259e+01
[283] 1.030599e+01 1.021487e+01 1.018984e+01 1.016224e+01 1.013895e+01 1.011527e+01
[289] 1.005005e+01 1.004455e+01 1.000223e+01 9.951869e+00 9.873055e+00 9.849301e+00
[295] 9.818927e+00 9.802011e+00 9.743417e+00 9.712513e+00 9.701185e+00 9.601344e+00
[301] 9.573964e+00 9.530703e+00 9.501410e+00 9.457826e+00 9.398325e+00 9.320030e+00
[307] 9.289112e+00 9.250898e+00 9.216935e+00 9.199566e+00 9.124202e+00 9.087155e+00
[313] 9.031029e+00 8.994288e+00 8.988045e+00 8.940447e+00 8.885924e+00 8.863576e+00
[319] 8.836702e+00 8.720126e+00 8.693619e+00 8.647709e+00 8.591274e+00 8.585508e+00
[325] 8.523299e+00 8.508124e+00 8.472383e+00 8.441233e+00 8.408186e+00 8.364961e+00
[331] 8.320132e+00 8.310888e+00 8.243771e+00 8.218950e+00 8.182982e+00 8.147203e+00
[337] 8.137739e+00 8.079027e+00 8.045612e+00 7.926189e+00 7.901440e+00 7.892458e+00
[343] 7.828452e+00 7.734709e+00 7.690060e+00 7.628136e+00 7.593039e+00 7.560075e+00
[349] 7.469015e+00 7.455010e+00 7.423048e+00 7.413908e+00 7.372644e+00 7.356771e+00
[355] 7.307263e+00 7.265648e+00 7.160424e+00 7.109317e+00 7.091010e+00 7.072624e+00
[361] 7.039888e+00 7.003705e+00 6.977463e+00 6.959121e+00 6.930414e+00 6.891393e+00
[367] 6.866855e+00 6.831652e+00 6.820585e+00 6.783958e+00 6.753182e+00 6.611444e+00
[373] 6.584510e+00 6.548698e+00 6.524229e+00 6.496014e+00 6.491746e+00 6.447871e+00
[379] 6.427947e+00 6.427522e+00 6.408365e+00 6.344111e+00 6.298074e+00 6.264694e+00
[385] 6.240251e+00 6.232424e+00 6.194463e+00 6.171161e+00 6.150025e+00 6.128147e+00
[391] 6.093930e+00 6.017873e+00 6.009480e+00 6.001030e+00 5.953069e+00 5.948721e+00
[397] 5.926867e+00 5.915344e+00 5.886860e+00 5.864107e+00 5.854301e+00 5.837875e+00
[403] 5.818187e+00 5.788363e+00 5.759354e+00 5.722875e+00 5.675530e+00 5.649565e+00
[409] 5.575137e+00 5.530061e+00 5.469812e+00 5.462562e+00 5.454234e+00 5.431672e+00
[415] 5.399838e+00 5.382546e+00 5.363717e+00 5.342427e+00 5.293937e+00 5.290940e+00
[421] 5.251119e+00 5.170019e+00 5.134251e+00 5.119177e+00 5.068496e+00 4.969785e+00
[427] 4.956824e+00 4.920702e+00 4.906463e+00 4.865390e+00 4.848632e+00 4.833174e+00
[433] 4.798035e+00 4.767184e+00 4.764372e+00 4.708285e+00 4.691862e+00 4.681102e+00
[439] 4.551586e+00 4.526821e+00 4.508450e+00 4.491767e+00 4.433650e+00 4.431129e+00
[445] 4.406777e+00 4.400775e+00 4.391201e+00 4.376312e+00 4.361213e+00 4.359719e+00
[451] 4.317955e+00 4.297071e+00 4.263096e+00 4.169051e+00 4.144093e+00 4.138369e+00
[457] 4.099711e+00 4.092008e+00 4.089135e+00 4.026760e+00 3.992341e+00 3.983093e+00
[463] 3.974415e+00 3.922990e+00 3.911227e+00 3.907851e+00 3.852324e+00 3.844466e+00
[469] 3.838317e+00 3.831637e+00 3.822021e+00 3.786105e+00 3.766748e+00 3.748377e+00
[475] 3.737779e+00 3.696257e+00 3.670769e+00 3.664162e+00 3.655805e+00 3.640385e+00
[481] 3.620617e+00 3.589888e+00 3.564165e+00 3.537274e+00 3.516589e+00 3.504078e+00
[487] 3.450440e+00 3.432170e+00 3.408542e+00 3.398146e+00 3.386139e+00 3.377079e+00
[493] 3.315867e+00 3.314154e+00 3.295959e+00 3.295356e+00 3.274838e+00 3.265152e+00
[499] 3.230548e+00 3.214761e+00 3.199985e+00 3.190453e+00 3.163562e+00 3.150429e+00
[505] 3.135009e+00 3.120936e+00 3.118260e+00 3.110461e+00 3.064345e+00 3.029530e+00
[511] 3.024115e+00 2.982807e+00 2.950214e+00 2.913550e+00 2.910506e+00 2.904455e+00
[517] 2.892607e+00 2.889183e+00 2.877576e+00 2.860763e+00 2.837477e+00 2.821643e+00
[523] 2.808174e+00 2.736733e+00 2.729802e+00 2.693167e+00 2.687784e+00 2.646634e+00
[529] 2.634611e+00 2.624617e+00 2.617771e+00 2.597733e+00 2.582789e+00 2.571736e+00
[535] 2.569744e+00 2.554087e+00 2.545928e+00 2.538056e+00 2.498357e+00 2.485871e+00
[541] 2.478008e+00 2.467304e+00 2.412851e+00 2.401505e+00 2.390254e+00 2.381726e+00
[547] 2.377457e+00 2.370340e+00 2.356569e+00 2.338433e+00 2.329984e+00 2.312327e+00
[553] 2.288172e+00 2.256637e+00 2.252235e+00 2.219071e+00 2.214764e+00 2.213426e+00
[559] 2.213061e+00 2.209443e+00 2.207658e+00 2.197788e+00 2.193700e+00 2.190584e+00
[565] 2.179927e+00 2.173982e+00 2.170148e+00 2.135140e+00 2.103298e+00 2.052825e+00
[571] 1.985449e+00 1.984073e+00 1.982686e+00 1.975020e+00 1.973080e+00 1.966119e+00
[577] 1.962775e+00 1.960217e+00 1.955209e+00 1.954136e+00 1.938261e+00 1.937378e+00
[583] 1.921729e+00 1.853757e+00 1.833152e+00 1.824396e+00 1.820392e+00 1.818368e+00
[589] 1.768570e+00 1.724436e+00 1.722248e+00 1.720329e+00 1.719106e+00 1.710623e+00
[595] 1.709801e+00 1.705077e+00 1.698991e+00 1.694963e+00 1.686144e+00 1.673133e+00
[601] 1.670357e+00 1.647624e+00 1.606805e+00 1.601147e+00 1.588520e+00 1.557362e+00
[607] 1.460688e+00 1.416686e+00 1.405550e+00 1.403614e+00 1.402598e+00 1.402262e+00
[613] 1.401599e+00 1.400057e+00 1.399392e+00 1.398317e+00 1.395790e+00 1.390272e+00
[619] 1.389150e+00 1.380441e+00 1.377627e+00 1.370608e+00 1.369411e+00 1.357333e+00
[625] 1.306390e+00 1.228926e+00 1.225413e+00 1.218185e+00 1.199320e+00 1.144252e+00
[631] 1.052266e+00 1.029645e+00 9.968532e-01 9.964379e-01 9.959704e-01 9.955828e-01
[637] 9.953924e-01 9.949558e-01 9.947659e-01 9.945359e-01 9.943450e-01 9.937435e-01
[643] 9.935105e-01 9.933573e-01 9.923054e-01 9.916524e-01 9.906533e-01 9.901066e-01
[649] 9.897097e-01 9.885266e-01 9.880870e-01 9.858915e-01 9.846047e-01 9.837094e-01
[655] 9.824501e-01 9.820653e-01 9.806205e-01 9.753381e-01 9.740718e-01 9.718044e-01
[661] 9.639014e-01 9.616406e-01 9.603855e-01 9.601814e-01 9.494768e-01 9.463358e-01
[667] 9.431220e-01 9.428597e-01 9.388978e-01 9.371491e-01 9.302237e-01 9.137191e-01
[673] 8.949462e-01 8.023601e-01 7.565129e-01 7.411953e-01 6.579074e-01 6.139646e-01
[679] 5.895533e-01 1.872264e-08

$u
                 [,1]          [,2]          [,3]          [,4]          [,5]
    [1,] 1.336324e-05  6.053937e-03  6.730824e-06  5.501827e-05  2.864288e-03
                  [,6]          [,7]          [,8]          [,9]         [,10]
    [1,]  2.851198e-03 -3.404135e-03 -7.463901e-05  1.704232e-04 -9.553219e-04
                 [,11]         [,12]         [,13]         [,14]         [,15]
    [1,]  5.841026e-05  3.462326e-03  5.746454e-03  5.108758e-03 -5.637643e-03
                 [,16]         [,17]         [,18]         [,19]         [,20]
    [1,] -1.405730e-03  7.222740e-03  5.659829e-03 -1.007857e-03  2.089685e-03
                 [,21]         [,22]         [,23]         [,24]         [,25]
    [1,]  1.104244e-02  1.196902e-02 -6.253801e-04 -6.443464e-03  6.462683e-03
                 [,26]         [,27]         [,28]         [,29]         [,30]
    [1,] -4.230397e-04 -3.063576e-03  2.489740e-02  4.054709e-03 -6.605782e-03
                 [,31]         [,32]         [,33]         [,34]         [,35]
    [1,] -2.566791e-03  2.372949e-03 -2.186958e-03 -7.373531e-03 -1.573777e-02
                 [,36]         [,37]         [,38]         [,39]         [,40]
    [1,]  1.231944e-02 -6.643417e-03 -7.149809e-03 -1.397558e-03  4.512672e-03
                 [,41]         [,42]         [,43]         [,44]         [,45]
    [1,]  1.982970e-02 -1.029803e-02  1.591063e-03 -6.776391e-03  1.107770e-02
                 [,46]         [,47]         [,48]         [,49]         [,50]
    [1,]  3.019487e-03  3.343089e-03  6.664754e-04 -8.971016e-03 -4.166760e-03
                 [,51]         [,52]         [,53]         [,54]         [,55]
    [1,] -3.128804e-03  2.926035e-03 -1.578451e-02  4.812942e-03  1.791404e-04
                 [,56]         [,57]         [,58]         [,59]         [,60]
    [1,] -4.820204e-03  5.832219e-04  2.437241e-04  4.141383e-03 -8.841083e-03
                 [,61]         [,62]         [,63]         [,64]         [,65]
    [1,]  1.733955e-04 -7.162561e-04  1.627127e-03 -1.198101e-04 -4.859062e-04
                 [,66]         [,67]         [,68]         [,69]         [,70]
    [1,]  1.390560e-03  2.593885e-03 -3.685958e-03 -2.927563e-03  2.507725e-04
                 [,71]         [,72]         [,73]         [,74]         [,75]
    [1,] -6.306756e-03 -2.347002e-03 -1.407250e-03 -7.742946e-03  7.490057e-04
                 [,76]         [,77]         [,78]         [,79]         [,80]
    [1,]  5.512516e-03 -4.986577e-03 -3.170436e-03  7.969014e-03  6.479916e-03
                 [,81]         [,82]         [,83]         [,84]         [,85]
    [1,]  6.224630e-03 -3.493505e-03  8.445992e-03 -1.836313e-02  1.795212e-02
                 [,86]         [,87]         [,88]         [,89]         [,90]
    [1,]  3.203671e-03  6.181795e-04  1.772308e-02  2.587209e-02  1.087402e-02
                 [,91]         [,92]         [,93]         [,94]         [,95]
    [1,]  4.403305e-03 -1.715967e-02  2.052922e-02  1.603984e-02 -5.409482e-03
                 [,96]         [,97]         [,98]         [,99]        [,100]
    [1,] -9.100552e-03 -8.691613e-03 -1.877850e-03 -2.079847e-03 -4.716854e-04
                [,101]        [,102]        [,103]        [,104]        [,105]
    [1,]  6.346868e-03 -1.521710e-03 -3.298159e-03 -4.708821e-03  3.845608e-03
                [,106]        [,107]        [,108]        [,109]        [,110]
    [1,] -1.955434e-03 -6.395060e-03  2.262512e-03  1.018847e-02 -1.695531e-03
                [,111]        [,112]        [,113]        [,114]        [,115]
    [1,] -1.449380e-03 -8.120008e-03 -8.759771e-03  8.706201e-03  6.133064e-03
                [,116]        [,117]        [,118]        [,119]        [,120]
    [1,] -2.812415e-03  3.153791e-03 -5.697749e-03 -6.911435e-03 -2.772911e-03
                [,121]        [,122]        [,123]        [,124]        [,125]
    [1,]  4.429272e-03 -1.357337e-02 -1.419869e-02 -1.185487e-02 -9.549247e-03
                [,126]        [,127]        [,128]        [,129]        [,130]
    [1,]  6.947515e-03 -4.048048e-04 -9.170482e-03 -9.469501e-04  9.541659e-03
                [,131]        [,132]        [,133]        [,134]        [,135]
    [1,]  5.211262e-03  2.633816e-03 -6.444106e-03  4.796235e-03 -2.943342e-03
                [,136]        [,137]        [,138]        [,139]        [,140]
    [1,] -1.010380e-02  3.065904e-03  5.270131e-03 -1.027800e-02  1.198322e-03
                [,141]        [,142]        [,143]        [,144]        [,145]
    [1,] -2.156459e-02 -9.973082e-03  3.951511e-03  7.570080e-03 -8.602013e-04
                [,146]        [,147]        [,148]        [,149]        [,150]
    [1,] -7.661372e-03 -3.825105e-03  1.497667e-02 -1.716667e-02  3.163287e-03
                [,151]        [,152]        [,153]        [,154]        [,155]
    [1,]  5.783591e-04 -3.720303e-03 -4.449331e-03  5.639531e-04  1.234796e-02
                [,156]        [,157]        [,158]        [,159]        [,160]
    [1,]  5.326885e-03 -1.409047e-02 -1.716276e-02 -1.543312e-03 -5.084978e-03
                [,161]        [,162]        [,163]        [,164]        [,165]
    [1,]  1.654418e-02  5.574129e-03 -5.458257e-04  1.917712e-05  4.849240e-03
                [,166]        [,167]        [,168]        [,169]        [,170]
    [1,]  1.284050e-03  1.644350e-02  5.320753e-03 -3.033554e-03  6.328171e-03
                [,171]        [,172]        [,173]        [,174]        [,175]
    [1,] -4.548476e-03 -6.651988e-03 -1.272154e-02 -9.754799e-03  3.161684e-03
                [,176]        [,177]        [,178]        [,179]        [,180]
    [1,]  2.772053e-03 -7.891046e-03  3.925326e-03  5.709861e-03 -1.052635e-02
                [,181]        [,182]        [,183]        [,184]        [,185]
    [1,]  3.787549e-03 -4.614240e-03 -1.167826e-02  9.441981e-04  8.066735e-03
                [,186]        [,187]        [,188]        [,189]        [,190]
    [1,] -2.522663e-03  3.552855e-03  1.327596e-03  1.731782e-02 -1.457780e-03
                [,191]        [,192]        [,193]        [,194]        [,195]
    [1,] -1.871862e-03  2.199732e-03  5.665829e-03 -2.322303e-02 -1.063621e-02
                [,196]        [,197]        [,198]        [,199]        [,200]
    [1,] -1.335154e-02  4.877848e-03 -3.636140e-03  1.663743e-02  3.217782e-02
                [,201]        [,202]        [,203]        [,204]        [,205]
    [1,]  4.799214e-03  4.628612e-03  1.487739e-02  2.243896e-02 -1.389686e-02
                [,206]        [,207]        [,208]        [,209]        [,210]
    [1,]  1.289971e-02  1.468456e-02  7.983682e-03  6.730977e-04 -1.042809e-02
                [,211]        [,212]        [,213]        [,214]        [,215]
    [1,]  5.650985e-03 -5.565033e-03  7.916892e-03 -1.056899e-02 -6.423432e-03
                [,216]        [,217]        [,218]        [,219]        [,220]
    [1,] -2.140701e-03 -3.158626e-04 -6.681455e-04 -2.320716e-03 -4.193382e-04
                [,221]        [,222]        [,223]        [,224]        [,225]
    [1,]  8.503578e-03  5.701022e-03  1.134194e-03 -1.795743e-03  6.794112e-04
                [,226]        [,227]        [,228]        [,229]        [,230]
    [1,] -8.053295e-04  1.524637e-04  2.718943e-03 -3.310770e-03 -4.217613e-03
                [,231]        [,232]        [,233]        [,234]        [,235]
    [1,] -2.028216e-03  9.460965e-06  5.238685e-03 -3.225333e-03  5.517053e-03
                [,236]        [,237]        [,238]        [,239]        [,240]
    [1,]  6.044163e-03  2.158192e-03  2.506109e-03 -9.937963e-04 -2.420494e-03
                [,241]        [,242]        [,243]        [,244]        [,245]
    [1,]  1.683480e-04 -3.215161e-03  3.252281e-03 -1.471571e-03 -1.772869e-03
                [,246]        [,247]        [,248]        [,249]        [,250]
    [1,] -5.691446e-03 -1.415642e-03  5.861294e-03 -5.900715e-06 -4.639111e-03
                [,251]        [,252]        [,253]        [,254]        [,255]
    [1,]  3.588262e-03  2.565520e-03 -7.649936e-03 -1.196132e-03  8.069237e-03
                [,256]        [,257]        [,258]        [,259]        [,260]
    [1,]  2.099535e-03  2.265839e-03 -4.627847e-03 -1.949686e-03 -3.882332e-03
                [,261]        [,262]        [,263]        [,264]        [,265]
    [1,] -1.269534e-04 -3.170897e-03  2.682559e-03 -3.532799e-05  1.152331e-03
                [,266]        [,267]        [,268]        [,269]        [,270]
    [1,]  6.541242e-03  1.137518e-03  1.950650e-03  2.785800e-03 -7.353792e-03
                [,271]        [,272]        [,273]        [,274]        [,275]
    [1,] -3.343066e-03 -8.565700e-03  3.701673e-03  4.540019e-03  5.001805e-03
                [,276]        [,277]        [,278]        [,279]        [,280]
    [1,]  7.612815e-03  5.466243e-03  6.593440e-03  3.606846e-03  6.695585e-03
                [,281]        [,282]        [,283]        [,284]        [,285]
    [1,]  3.480300e-03 -9.586376e-03 -5.031632e-03  1.211446e-02 -8.478557e-03
                [,286]        [,287]        [,288]        [,289]        [,290]
    [1,] -7.531871e-04 -2.879510e-03 -2.111403e-03  3.530940e-03  8.350828e-03
                [,291]        [,292]        [,293]        [,294]        [,295]
    [1,] -1.938508e-02 -2.668873e-05 -4.647941e-03 -3.137068e-02 -5.888260e-02
                [,296]        [,297]        [,298]        [,299]        [,300]
    [1,]  4.062665e-02 -2.807392e-02  2.820367e-02 -6.448972e-03  7.298690e-04
                [,301]        [,302]        [,303]        [,304]        [,305]
    [1,]  2.035309e-02 -1.808474e-02 -1.076416e-02 -9.610570e-04  6.668662e-03
                [,306]        [,307]        [,308]        [,309]        [,310]
    [1,] -8.281735e-03 -6.648529e-03 -7.958403e-03  3.650760e-04  1.210406e-03
                [,311]        [,312]        [,313]        [,314]        [,315]
    [1,]  3.199876e-03  5.510167e-03 -5.483037e-03 -1.511626e-02  1.256275e-02
                [,316]        [,317]        [,318]        [,319]        [,320]
    [1,]  5.642481e-03 -6.357511e-03  7.459748e-03  4.376019e-04 -3.123116e-03
                [,321]        [,322]        [,323]        [,324]        [,325]
    [1,]  2.483664e-03 -9.155303e-04  1.240574e-02 -8.138915e-03 -2.711719e-03
                [,326]        [,327]        [,328]        [,329]        [,330]
    [1,] -1.179325e-03 -2.055727e-03 -7.413076e-03  2.070738e-02 -2.711062e-02
                [,331]        [,332]        [,333]        [,334]        [,335]
    [1,]  3.234829e-03  5.006136e-03 -7.529552e-03  7.199708e-03  9.224629e-03
                [,336]        [,337]        [,338]        [,339]        [,340]
    [1,] -1.090094e-02  6.568156e-04 -3.892909e-03 -2.160296e-02 -1.983366e-02
                [,341]        [,342]        [,343]        [,344]        [,345]
    [1,] -4.330962e-02 -7.598268e-02 -9.780452e-04  4.764347e-03  6.683426e-03
                [,346]        [,347]        [,348]        [,349]        [,350]
    [1,] -9.628896e-03 -4.622453e-03  7.750571e-03 -6.974923e-03  1.775223e-03
                [,351]        [,352]        [,353]        [,354]        [,355]
    [1,]  5.250427e-03 -3.640881e-03 -7.044358e-03 -5.287376e-03 -7.421291e-03
                [,356]        [,357]        [,358]        [,359]        [,360]
    [1,] -2.468933e-03 -5.050233e-03 -2.114390e-03  6.361983e-03 -1.099851e-03
                [,361]        [,362]        [,363]        [,364]        [,365]
    [1,]  6.493708e-03  1.307506e-03  6.213798e-04  3.139825e-03 -2.256783e-03
                [,366]        [,367]        [,368]        [,369]        [,370]
    [1,] -8.009104e-05 -4.583310e-04 -7.633159e-04  1.428178e-03  2.508730e-03
                [,371]        [,372]        [,373]        [,374]        [,375]
    [1,]  7.595445e-04 -3.646649e-04  4.637834e-04  2.315450e-03 -3.780989e-03
                [,376]        [,377]        [,378]        [,379]        [,380]
    [1,]  2.739596e-03  9.628932e-04 -8.433190e-04 -2.782619e-04  9.016487e-04
                [,381]        [,382]        [,383]        [,384]        [,385]
    [1,] -3.530011e-04  1.191825e-04  2.222738e-03 -1.420026e-03  9.742208e-04
                [,386]        [,387]        [,388]        [,389]        [,390]
    [1,] -4.750766e-03  5.086653e-03  3.620508e-03 -4.265564e-03 -2.337645e-03
                [,391]        [,392]        [,393]        [,394]        [,395]
    [1,]  7.183241e-03 -3.475704e-03 -7.731848e-04  5.287091e-04  3.016610e-03
                [,396]        [,397]        [,398]        [,399]        [,400]
    [1,]  1.664423e-04 -3.642826e-03 -2.227804e-03 -1.288813e-03 -1.735752e-03
                [,401]        [,402]        [,403]        [,404]        [,405]
    [1,]  4.561416e-04 -1.229366e-03 -6.195552e-03  3.912186e-04  2.163381e-03
                [,406]        [,407]        [,408]        [,409]        [,410]
    [1,]  1.623090e-03 -4.371710e-03 -3.890386e-03  2.091694e-03  1.204278e-03
                [,411]        [,412]        [,413]        [,414]        [,415]
    [1,]  6.836474e-04  1.658484e-03 -1.374848e-03 -1.153084e-03  1.806239e-03
                [,416]        [,417]        [,418]        [,419]        [,420]
    [1,]  1.604789e-03  3.871840e-03  9.310931e-04  3.294531e-03 -1.007067e-03
                [,421]        [,422]        [,423]        [,424]        [,425]
    [1,]  4.607453e-03  3.328392e-03  4.527311e-04  5.243743e-04 -4.644790e-04
                [,426]        [,427]        [,428]        [,429]        [,430]
    [1,]  1.461834e-03  6.224132e-04  1.509128e-03 -2.257230e-03  5.035309e-04
                [,431]        [,432]        [,433]        [,434]        [,435]
    [1,] -7.303147e-04 -1.512976e-03 -3.787840e-03 -2.552702e-03  1.851368e-03
                [,436]        [,437]        [,438]        [,439]        [,440]
    [1,]  3.432714e-03 -7.313211e-03 -6.333289e-03  2.399998e-04 -1.032787e-03
                [,441]        [,442]        [,443]        [,444]        [,445]
    [1,] -1.574645e-04  1.170408e-03  2.033408e-03  2.922229e-03 -3.012529e-03
                [,446]        [,447]        [,448]        [,449]        [,450]
    [1,]  4.178540e-03  4.405984e-03  4.021450e-04  2.268343e-03  5.817060e-03
                [,451]        [,452]        [,453]        [,454]        [,455]
    [1,]  1.002626e-03  1.931371e-03  1.296653e-03  8.775886e-04 -6.000985e-04
                [,456]        [,457]        [,458]        [,459]        [,460]
    [1,]  1.017884e-03 -2.481425e-04 -3.159782e-03 -6.693571e-04 -1.522843e-03
                [,461]        [,462]        [,463]        [,464]        [,465]
    [1,]  6.147919e-04 -1.208090e-03  2.735852e-03  6.669494e-04  2.364327e-04
                [,466]        [,467]        [,468]        [,469]        [,470]
    [1,]  4.111381e-03 -1.175378e-04  2.195173e-04  1.695840e-03 -1.057990e-03
                [,471]        [,472]        [,473]        [,474]        [,475]
    [1,]  2.856618e-03 -1.555913e-03  1.064212e-03 -4.792521e-04  9.152564e-04
                [,476]        [,477]        [,478]        [,479]        [,480]
    [1,]  1.890313e-03  1.959612e-04 -1.708452e-03  2.563932e-04  1.787225e-03
                [,481]        [,482]        [,483]        [,484]        [,485]
    [1,]  1.129325e-03 -1.933465e-03  1.562890e-04  7.213044e-03 -1.055635e-03
                [,486]        [,487]        [,488]        [,489]        [,490]
    [1,] -1.194530e-03 -6.014995e-04 -4.850208e-04  4.085996e-03 -5.502872e-04
                [,491]        [,492]        [,493]        [,494]        [,495]
    [1,] -1.044911e-03  1.045649e-03  1.524506e-03  1.415350e-03 -9.884026e-04
                [,496]        [,497]        [,498]        [,499]        [,500]
    [1,]  1.168160e-03 -1.692439e-04  1.286963e-03 -1.124979e-03 -4.142335e-04
                [,501]        [,502]        [,503]        [,504]        [,505]
    [1,] -1.261648e-03  3.771059e-05 -1.339045e-03 -2.206792e-04 -1.515037e-03
                [,506]        [,507]        [,508]        [,509]        [,510]
    [1,]  1.759422e-03 -4.936505e-04  1.729041e-03  6.640349e-04 -1.892327e-03
                [,511]        [,512]        [,513]        [,514]        [,515]
    [1,] -2.881510e-03  6.665897e-05 -5.375584e-04  1.993477e-03 -1.789097e-03
                [,516]        [,517]        [,518]        [,519]        [,520]
    [1,] -1.364656e-03 -4.396322e-04  1.092040e-03 -4.943462e-05  1.138522e-03
                [,521]        [,522]        [,523]        [,524]        [,525]
    [1,] -2.682444e-03  9.404016e-04  1.508939e-04 -1.174423e-03 -1.207153e-03
                [,526]        [,527]        [,528]        [,529]        [,530]
    [1,]  2.490126e-03  8.085341e-04  3.737889e-05  4.079626e-04 -5.509207e-04
                [,531]        [,532]        [,533]        [,534]        [,535]
    [1,] -1.347226e-03 -8.243437e-04 -3.701051e-04  4.280178e-04  9.340536e-04
                [,536]        [,537]        [,538]        [,539]        [,540]
    [1,]  2.054017e-03 -7.282098e-04  2.682178e-04 -4.834209e-04  4.156509e-04
                [,541]        [,542]        [,543]        [,544]        [,545]
    [1,]  2.755699e-04  1.192007e-03  1.466031e-03 -3.509201e-04  2.112613e-03
                [,546]        [,547]        [,548]        [,549]        [,550]
    [1,] -1.103881e-03 -4.038209e-04  6.505347e-04 -8.554970e-05  3.150570e-04
                [,551]        [,552]        [,553]        [,554]        [,555]
    [1,]  1.072116e-03  7.511789e-05  1.698497e-03 -2.689341e-04 -3.781752e-04
                [,556]        [,557]        [,558]        [,559]        [,560]
    [1,]  2.959612e-04 -9.228062e-04  1.735839e-03  8.387986e-04  1.012764e-03
                [,561]        [,562]        [,563]        [,564]        [,565]
    [1,]  8.731666e-05 -4.638785e-04 -9.298069e-04  5.495378e-04 -4.457971e-04
                [,566]        [,567]        [,568]        [,569]        [,570]
    [1,]  9.155749e-04  4.047118e-04 -1.229840e-03  2.645044e-04 -6.412065e-04
                [,571]        [,572]        [,573]        [,574]        [,575]
    [1,]  1.240808e-03 -2.370513e-04  4.115902e-04 -1.805176e-04  1.783481e-03
                [,576]        [,577]        [,578]        [,579]        [,580]
    [1,]  1.006997e-03  2.806772e-04 -2.711273e-04  2.223173e-04  1.479492e-03
                [,581]        [,582]        [,583]        [,584]        [,585]
    [1,]  7.951577e-03  4.114773e-03 -8.201291e-04  5.642283e-04  2.883202e-05
                [,586]        [,587]        [,588]        [,589]        [,590]
    [1,] -2.339483e-03 -1.516285e-04  2.317828e-03 -6.506570e-04  5.885910e-04
                [,591]        [,592]        [,593]        [,594]        [,595]
    [1,] -1.299149e-03  2.088337e-04 -6.752348e-04  1.030615e-03  9.553550e-04
                [,596]        [,597]        [,598]        [,599]        [,600]
    [1,]  4.876233e-04  3.461195e-04  6.563045e-04 -6.211268e-04  8.099070e-04
                [,601]        [,602]        [,603]        [,604]        [,605]
    [1,] -6.886689e-04  4.999758e-04  2.177408e-04  1.579175e-03  1.775750e-04
                [,606]        [,607]        [,608]        [,609]        [,610]
    [1,]  1.795434e-03  6.381481e-04  1.755288e-04 -2.655756e-03  3.124579e-03
                [,611]        [,612]        [,613]        [,614]        [,615]
    [1,] -2.711472e-04 -6.887268e-04 -1.711265e-03  5.921420e-03 -6.847758e-04
                [,616]        [,617]        [,618]        [,619]        [,620]
    [1,] -5.696198e-03  1.689166e-03  3.326847e-04  1.653026e-03 -2.886866e-04
                [,621]        [,622]        [,623]        [,624]        [,625]
    [1,] -1.219332e-04 -6.260703e-04 -1.697747e-04  3.356022e-04 -1.112656e-04
                [,626]        [,627]        [,628]        [,629]        [,630]
    [1,]  6.727433e-04  6.384484e-04  5.149988e-04 -3.180493e-04  1.932467e-04
                [,631]        [,632]        [,633]        [,634]        [,635]
    [1,]  1.710372e-04  6.615260e-04  6.339840e-04 -6.842472e-05 -4.395553e-04
                [,636]        [,637]        [,638]        [,639]        [,640]
    [1,]  3.639012e-04 -4.120242e-04 -5.707020e-04 -1.001756e-04 -1.769828e-03
                [,641]        [,642]        [,643]        [,644]        [,645]
    [1,]  5.458991e-04 -4.228395e-04  8.511241e-04  9.640880e-04  8.869954e-04
                [,646]        [,647]        [,648]        [,649]        [,650]
    [1,] -5.970398e-04  1.549186e-03  3.403161e-04  1.609603e-03  3.941556e-04
                [,651]        [,652]        [,653]        [,654]        [,655]
    [1,] -1.259609e-04  5.125184e-04 -2.837827e-04  3.721389e-04 -1.212492e-04
                [,656]        [,657]        [,658]        [,659]        [,660]
    [1,] -9.209357e-04 -3.353492e-03  1.186129e-03  1.150769e-04 -1.186862e-04
                [,661]        [,662]        [,663]        [,664]        [,665]
    [1,] -1.354287e-03  6.923326e-04 -1.252547e-05 -1.052192e-04  9.639207e-04
                [,666]        [,667]        [,668]        [,669]        [,670]
    [1,]  3.424026e-04 -6.725594e-04  1.494552e-04  6.931959e-04 -1.471001e-04
                [,671]        [,672]        [,673]        [,674]        [,675]
    [1,]  3.450893e-04 -5.472703e-04  1.446468e-06 -2.412651e-04 -1.160877e-03
                [,676]        [,677]        [,678]        [,679]        [,680]
    [1,] -4.455930e-04  9.949301e-05 -5.433885e-04 -5.403367e-04  2.533217e-03
 [ reached getOption("max.print") -- omitted 20051 rows ]

$v
               [,1]          [,2]          [,3]          [,4]          [,5]
  [1,] 5.358861e-04  9.995464e-01  4.384060e-03  3.825474e-03 -2.954260e-02
                [,6]          [,7]          [,8]          [,9]         [,10]
  [1,]  2.601139e-04  2.254996e-06  9.040739e-06 -5.035057e-07  8.105534e-06
               [,11]         [,12]         [,13]         [,14]         [,15]
  [1,] -3.692510e-06  1.856823e-08  4.554190e-06  8.560862e-06 -8.687512e-07
               [,16]         [,17]         [,18]         [,19]         [,20]
  [1,]  3.276974e-06 -9.369926e-06  2.933883e-06 -9.638434e-08  6.492067e-06
               [,21]         [,22]         [,23]         [,24]         [,25]
  [1,] -3.800633e-06  3.570393e-06 -1.136933e-06 -3.061304e-06  8.467073e-07
               [,26]         [,27]         [,28]         [,29]         [,30]
  [1,]  3.943311e-06 -3.621533e-07  1.035998e-06 -1.680135e-06  1.966564e-06
               [,31]         [,32]         [,33]         [,34]         [,35]
  [1,] -2.576679e-06  2.987675e-06 -1.347897e-06  1.297062e-06 -1.013380e-06
               [,36]         [,37]         [,38]         [,39]         [,40]
  [1,]  2.274593e-06 -6.553067e-07  1.502489e-06 -4.602297e-07  2.448115e-06
               [,41]         [,42]         [,43]         [,44]         [,45]
  [1,] -1.129219e-06  1.527900e-06 -1.295539e-06  2.727108e-06 -9.602385e-07
               [,46]         [,47]         [,48]         [,49]         [,50]
  [1,]  1.208863e-07  1.460137e-06 -4.332761e-08 -5.149060e-07  1.046510e-06
               [,51]         [,52]         [,53]         [,54]         [,55]
  [1,] -2.588468e-06 -2.740007e-07 -3.261710e-07  1.119982e-06 -1.385876e-06
               [,56]         [,57]         [,58]         [,59]         [,60]
  [1,] -9.850236e-07 -6.810106e-07  1.323270e-06  6.188596e-07  6.507508e-08
               [,61]         [,62]         [,63]         [,64]         [,65]
  [1,] -1.985135e-06 -1.285079e-06 -6.210431e-07  7.583806e-08  1.970199e-06
               [,66]         [,67]         [,68]         [,69]         [,70]
  [1,] -5.392290e-07 -3.012563e-07 -1.580566e-07 -3.921225e-07 -1.243232e-06
               [,71]         [,72]         [,73]         [,74]         [,75]
  [1,]  1.391358e-06  1.823952e-07  4.447874e-07 -8.795250e-07  7.833576e-07
               [,76]         [,77]         [,78]         [,79]         [,80]
  [1,] -9.526919e-08  6.340372e-07 -1.641997e-06  4.649420e-07 -6.992353e-07
               [,81]         [,82]         [,83]         [,84]         [,85]
  [1,]  6.133609e-07 -7.644090e-07  4.178336e-07 -6.979594e-07  1.208418e-07
               [,86]         [,87]         [,88]         [,89]         [,90]
  [1,] -1.695996e-06  9.165366e-08 -7.546318e-07  1.045068e-06 -1.296813e-07
               [,91]         [,92]         [,93]         [,94]         [,95]
  [1,]  1.194428e-08  8.689599e-07 -9.258883e-07  6.208085e-07 -8.867050e-07
               [,96]         [,97]         [,98]         [,99]        [,100]
  [1,]  2.807045e-07  2.682518e-07 -2.730955e-07 -5.238500e-07  1.569041e-06
              [,101]        [,102]        [,103]        [,104]        [,105]
  [1,] -6.418866e-07 -1.029698e-06  6.582917e-07 -9.975512e-07 -7.057453e-08
              [,106]        [,107]        [,108]        [,109]        [,110]
  [1,] -9.708697e-07  4.860747e-07 -1.666672e-07 -3.712660e-07  4.070626e-07
              [,111]        [,112]        [,113]        [,114]        [,115]
  [1,]  4.419009e-07 -2.212953e-07 -8.279289e-08 -4.546211e-07  5.679897e-07
              [,116]        [,117]        [,118]        [,119]        [,120]
  [1,] -4.617162e-07 -7.797532e-07  2.685462e-07  1.037202e-06 -7.720445e-07
              [,121]        [,122]        [,123]        [,124]        [,125]
  [1,] -2.497751e-07 -1.771746e-07  4.296548e-08  8.261950e-07 -7.114498e-08
              [,126]        [,127]        [,128]        [,129]        [,130]
  [1,] -1.177963e-06  5.503567e-08  5.321667e-07  2.592702e-07  8.692590e-07
              [,131]        [,132]        [,133]        [,134]        [,135]
  [1,] -4.758967e-07 -4.444259e-08 -2.992614e-07  2.090200e-07  2.930017e-07
              [,136]        [,137]        [,138]        [,139]        [,140]
  [1,]  7.132686e-07 -6.647017e-07 -2.158006e-07 -3.505340e-07 -5.527013e-07
              [,141]        [,142]        [,143]        [,144]        [,145]
  [1,]  3.417139e-07  1.214286e-07  1.530319e-07  3.014638e-07 -7.259666e-08
              [,146]        [,147]        [,148]        [,149]        [,150]
  [1,] -2.910093e-07 -5.684371e-08 -7.678526e-07  4.760572e-07  1.686124e-07
              [,151]        [,152]        [,153]        [,154]        [,155]
  [1,]  7.352829e-07 -1.669265e-07 -9.715917e-07 -2.290433e-07 -7.351761e-08
              [,156]        [,157]        [,158]        [,159]        [,160]
  [1,] -8.084645e-07  9.884748e-07  2.472616e-08  6.665400e-07 -9.387059e-07
              [,161]        [,162]        [,163]        [,164]        [,165]
  [1,] -1.108757e-06  1.233706e-06  6.409666e-07  6.868410e-07 -1.158575e-06
              [,166]        [,167]        [,168]        [,169]        [,170]
  [1,]  4.475738e-07 -3.107711e-07  3.076451e-07 -9.701287e-07  5.944375e-07
              [,171]        [,172]        [,173]        [,174]        [,175]
  [1,] -3.638932e-07  9.423836e-07 -2.884719e-07  7.757295e-07 -7.236393e-07
              [,176]        [,177]        [,178]        [,179]        [,180]
  [1,]  3.812347e-07 -5.670511e-07  1.033049e-06 -1.952930e-08  3.121171e-07
              [,181]        [,182]        [,183]        [,184]        [,185]
  [1,] -9.031516e-07  2.103483e-07 -8.922936e-07  3.349640e-07 -2.510222e-08
              [,186]        [,187]        [,188]        [,189]        [,190]
  [1,]  6.229691e-07 -8.024411e-07  3.796385e-07 -7.830080e-08  2.833350e-07
              [,191]        [,192]        [,193]        [,194]        [,195]
  [1,] -3.977409e-07  5.434871e-07 -3.738597e-07  5.321599e-07  3.220860e-08
              [,196]        [,197]        [,198]        [,199]        [,200]
  [1,] -8.046919e-08 -8.576796e-08  1.992794e-07 -4.448361e-07  2.061687e-07
              [,201]        [,202]        [,203]        [,204]        [,205]
  [1,] -5.956508e-08 -1.095638e-07  2.559453e-07 -3.796813e-07 -2.524304e-07
              [,206]        [,207]        [,208]        [,209]        [,210]
  [1,]  4.990139e-07 -6.606469e-07  6.191834e-07 -2.147774e-07  2.327224e-07
              [,211]        [,212]        [,213]        [,214]        [,215]
  [1,]  7.298288e-08 -6.020340e-08  2.962246e-07 -6.521213e-08 -1.983670e-07
              [,216]        [,217]        [,218]        [,219]        [,220]
  [1,]  2.363272e-07 -7.310494e-07 -2.149762e-07  1.287607e-07 -2.883635e-07
              [,221]        [,222]        [,223]        [,224]        [,225]
  [1,]  8.198969e-07 -2.174253e-08 -5.518162e-08  6.488267e-07  8.333569e-08
              [,226]        [,227]        [,228]        [,229]        [,230]
  [1,] -6.816782e-07  5.438619e-07  7.245317e-07 -1.942215e-08 -1.978617e-07
              [,231]        [,232]        [,233]        [,234]        [,235]
  [1,]  1.088952e-06  1.875986e-07 -3.075722e-07 -6.402269e-10 -2.295305e-08
              [,236]        [,237]        [,238]        [,239]        [,240]
  [1,] -2.938652e-07  3.702283e-07 -2.925149e-07  1.234243e-07  1.895883e-07
              [,241]        [,242]        [,243]        [,244]        [,245]
  [1,] -2.785056e-07 -1.487914e-07  1.291020e-07  2.582204e-08 -2.943658e-07
              [,246]        [,247]        [,248]        [,249]        [,250]
  [1,] -7.683887e-09 -8.476970e-08  3.810808e-07 -2.725486e-07 -1.630798e-08
              [,251]        [,252]        [,253]        [,254]        [,255]
  [1,] -4.298551e-07  1.818037e-07 -7.912664e-08 -2.970468e-07  2.592776e-08
              [,256]        [,257]        [,258]        [,259]        [,260]
  [1,]  6.839123e-08  6.133534e-08 -5.279403e-08 -4.126464e-07  2.712866e-07
              [,261]        [,262]        [,263]        [,264]        [,265]
  [1,]  5.301598e-07 -1.763349e-07 -2.309940e-07  1.822648e-07  2.720030e-07
              [,266]        [,267]        [,268]        [,269]        [,270]
  [1,] -5.280872e-07 -1.920419e-07  6.857193e-07  6.618699e-07 -5.283450e-09
              [,271]        [,272]        [,273]        [,274]        [,275]
  [1,] -2.441875e-07 -4.796821e-08  6.586162e-07  1.245825e-07  4.167307e-07
              [,276]        [,277]        [,278]        [,279]        [,280]
  [1,] -8.882957e-08 -4.512964e-07  2.745190e-07  5.984946e-07 -7.005634e-07
              [,281]        [,282]        [,283]        [,284]        [,285]
  [1,]  3.048175e-07  8.082344e-08  1.685979e-07  1.013335e-07  2.653016e-07
              [,286]        [,287]        [,288]        [,289]        [,290]
  [1,] -1.270649e-07 -7.242818e-08 -1.040832e-07  3.084600e-07  1.432438e-07
              [,291]        [,292]        [,293]        [,294]        [,295]
  [1,]  4.102621e-07 -3.123813e-07  1.272300e-07  5.005825e-08  7.508951e-08
              [,296]        [,297]        [,298]        [,299]        [,300]
  [1,] -2.514543e-07 -2.306863e-07 -2.500052e-07  3.527055e-07 -1.291525e-07
              [,301]        [,302]        [,303]        [,304]        [,305]
  [1,] -9.564546e-08  3.615788e-07  7.271141e-08  7.721573e-08 -1.109184e-07
              [,306]        [,307]        [,308]        [,309]        [,310]
  [1,] -3.789062e-07  1.295557e-07  1.861198e-08 -1.417110e-07 -2.838833e-08
              [,311]        [,312]        [,313]        [,314]        [,315]
  [1,] -1.417002e-07  9.223468e-08  1.228329e-07 -3.465365e-07 -3.694227e-07
              [,316]        [,317]        [,318]        [,319]        [,320]
  [1,]  1.624392e-08  1.925916e-07  6.206492e-08 -4.410260e-07  6.494079e-09
              [,321]        [,322]        [,323]        [,324]        [,325]
  [1,]  4.983523e-08 -3.238194e-07 -2.806475e-08 -3.753836e-08 -9.242415e-08
              [,326]        [,327]        [,328]        [,329]        [,330]
  [1,]  1.117665e-07  7.492776e-08  6.008233e-08 -3.391337e-07 -1.521331e-07
              [,331]        [,332]        [,333]        [,334]        [,335]
  [1,]  1.883352e-07  1.712325e-07 -4.213051e-08 -1.884052e-07 -5.356740e-08
              [,336]        [,337]        [,338]        [,339]        [,340]
  [1,]  1.136429e-07  6.042055e-08  3.421035e-08 -1.614135e-07  1.233643e-07
              [,341]        [,342]        [,343]        [,344]        [,345]
  [1,]  7.515548e-08  8.751994e-08 -3.642795e-11 -1.190647e-07  1.956644e-07
              [,346]        [,347]        [,348]        [,349]        [,350]
  [1,] -2.177345e-08 -5.537756e-09 -7.615593e-08  3.061082e-07  1.592094e-07
              [,351]        [,352]        [,353]        [,354]        [,355]
  [1,] -2.057372e-07 -2.031999e-08 -1.454616e-07  3.459413e-07  6.601889e-08
              [,356]        [,357]        [,358]        [,359]        [,360]
  [1,] -6.308475e-08 -3.745093e-08 -1.478131e-08 -1.698289e-07  1.837812e-07
              [,361]        [,362]        [,363]        [,364]        [,365]
  [1,]  1.216363e-07 -5.043566e-08 -2.862411e-07 -5.686663e-08  1.278828e-07
              [,366]        [,367]        [,368]        [,369]        [,370]
  [1,]  1.739424e-07 -1.333155e-08 -4.969375e-08 -4.089863e-08 -8.316390e-08
              [,371]        [,372]        [,373]        [,374]        [,375]
  [1,]  3.196148e-08  1.664608e-07 -7.470865e-08 -4.738300e-08 -1.330677e-07
              [,376]        [,377]        [,378]        [,379]        [,380]
  [1,]  1.393250e-07  1.259548e-08  8.456160e-09  2.176482e-08  8.516163e-09
              [,381]        [,382]        [,383]        [,384]        [,385]
  [1,]  1.750328e-07 -1.309353e-07  2.597437e-08  1.179239e-07  3.396256e-08
              [,386]        [,387]        [,388]        [,389]        [,390]
  [1,]  8.306078e-08 -1.191998e-07 -3.195042e-08 -1.671000e-07 -9.215681e-09
              [,391]        [,392]        [,393]        [,394]        [,395]
  [1,]  1.698091e-07  7.330251e-08  1.195885e-07  4.671215e-08 -1.363587e-07
              [,396]        [,397]        [,398]        [,399]        [,400]
  [1,] -2.426034e-08 -9.639576e-08 -4.687404e-08  7.664731e-08  5.952750e-08
              [,401]        [,402]        [,403]        [,404]        [,405]
  [1,]  3.945853e-08  2.515742e-08  2.599984e-07 -1.741754e-08 -5.010000e-08
              [,406]        [,407]        [,408]        [,409]        [,410]
  [1,] -3.156474e-08 -2.086630e-07  2.331300e-07  1.103128e-07 -1.975022e-07
              [,411]        [,412]        [,413]        [,414]        [,415]
  [1,]  1.028311e-07  1.194250e-07  5.822292e-08  1.111820e-07  4.060433e-08
              [,416]        [,417]        [,418]        [,419]        [,420]
  [1,]  5.377449e-08 -8.746694e-08 -1.759382e-07  4.039459e-08  7.684111e-08
              [,421]        [,422]        [,423]        [,424]        [,425]
  [1,]  8.519130e-08  6.473104e-08 -2.471455e-07 -1.294450e-08  5.449391e-08
              [,426]        [,427]        [,428]        [,429]        [,430]
  [1,]  8.836767e-08  1.969312e-07 -1.276795e-07 -1.367619e-07 -9.048177e-09
              [,431]        [,432]        [,433]        [,434]        [,435]
  [1,]  7.890895e-08  1.490408e-07  7.243156e-08 -4.650100e-08 -2.449012e-08
              [,436]        [,437]        [,438]        [,439]        [,440]
  [1,] -1.245816e-07 -1.273390e-07  1.134345e-07  2.087432e-08  1.176042e-08
              [,441]        [,442]        [,443]        [,444]        [,445]
  [1,]  1.596325e-08 -4.673551e-08 -1.976115e-08 -3.786209e-08 -3.938490e-08
              [,446]        [,447]        [,448]        [,449]        [,450]
  [1,] -4.337717e-08 -5.234746e-08  6.549501e-08  1.203809e-07  1.978098e-08
              [,451]        [,452]        [,453]        [,454]        [,455]
  [1,] -3.192016e-08 -1.558149e-08 -5.287992e-08  5.880340e-08  4.311328e-08
              [,456]        [,457]        [,458]        [,459]        [,460]
  [1,]  1.175112e-07 -6.747804e-08 -4.387639e-08 -1.207561e-08 -1.284262e-07
              [,461]        [,462]        [,463]        [,464]        [,465]
  [1,]  4.831497e-08  4.104298e-08  3.041104e-08  7.360777e-08  1.148482e-07
              [,466]        [,467]        [,468]        [,469]        [,470]
  [1,]  2.071348e-08 -1.871287e-08 -4.467124e-08 -1.997286e-09 -8.560377e-08
              [,471]        [,472]        [,473]        [,474]        [,475]
  [1,] -5.924526e-08  9.335187e-08  8.826075e-09  5.347744e-10  2.459486e-08
              [,476]        [,477]        [,478]        [,479]        [,480]
  [1,]  1.103182e-07  1.823734e-09 -1.261757e-08 -1.111022e-07 -9.892055e-08
              [,481]        [,482]        [,483]        [,484]        [,485]
  [1,] -9.640149e-08  2.613638e-08  1.786638e-08  6.214956e-08  6.752061e-08
              [,486]        [,487]        [,488]        [,489]        [,490]
  [1,]  8.068485e-08 -6.890044e-08 -4.631079e-08 -1.958371e-08 -7.545754e-08
              [,491]        [,492]        [,493]        [,494]        [,495]
  [1,]  5.504637e-08  6.281314e-09  2.946524e-08  3.732667e-08  4.136631e-08
              [,496]        [,497]        [,498]        [,499]        [,500]
  [1,]  7.019355e-09  3.383082e-08  5.070871e-09 -5.534231e-08 -1.104483e-08
              [,501]        [,502]        [,503]        [,504]        [,505]
  [1,] -1.039240e-07 -8.174263e-09  7.161886e-08  4.015884e-08  1.690850e-08
              [,506]        [,507]        [,508]        [,509]        [,510]
  [1,]  6.761626e-08  1.590388e-08  1.348905e-08  5.495901e-08 -1.076619e-08
              [,511]        [,512]        [,513]        [,514]        [,515]
  [1,] -6.448828e-08 -6.908869e-08 -1.045830e-08  3.227185e-08  1.674721e-08
              [,516]        [,517]        [,518]        [,519]        [,520]
  [1,]  8.802993e-08  3.869292e-08  7.988759e-08  2.392789e-08 -4.663651e-08
              [,521]        [,522]        [,523]        [,524]        [,525]
  [1,] -1.024422e-08 -5.840136e-09 -4.882548e-08  5.499715e-08  2.411329e-08
              [,526]        [,527]        [,528]        [,529]        [,530]
  [1,]  1.014479e-08  2.715021e-08  1.775788e-08  2.394284e-09  4.296144e-08
              [,531]        [,532]        [,533]        [,534]        [,535]
  [1,] -3.356623e-09 -4.686727e-09 -2.725970e-08 -7.487440e-08 -3.229628e-08
              [,536]        [,537]        [,538]        [,539]        [,540]
  [1,] -2.042055e-09  1.525110e-08  3.918981e-08  1.592269e-08  2.159894e-08
              [,541]        [,542]        [,543]        [,544]        [,545]
  [1,]  2.803099e-09  1.655900e-09  9.350078e-09  1.047409e-10  1.385747e-08
              [,546]        [,547]        [,548]        [,549]        [,550]
  [1,] -3.189708e-08 -5.084410e-08 -2.715354e-08 -7.320196e-10 -2.372699e-08
              [,551]        [,552]        [,553]        [,554]        [,555]
  [1,] -4.302648e-08  2.896253e-09  3.399131e-08  7.133470e-09  1.752792e-08
              [,556]        [,557]        [,558]        [,559]        [,560]
  [1,]  4.498115e-09  1.121040e-08  4.222791e-08  5.909765e-09  5.079812e-09
              [,561]        [,562]        [,563]        [,564]        [,565]
  [1,]  2.629529e-08  6.800154e-09 -1.210663e-08 -1.913070e-08 -6.057515e-09
              [,566]        [,567]        [,568]        [,569]        [,570]
  [1,] -4.215719e-08 -4.233981e-08 -6.541146e-10 -1.070923e-08  4.025306e-08
              [,571]        [,572]        [,573]        [,574]        [,575]
  [1,]  1.731858e-08  7.342016e-09  2.486973e-09 -1.044232e-08 -2.036056e-08
              [,576]        [,577]        [,578]        [,579]        [,580]
  [1,] -1.340519e-08 -4.754200e-08 -2.127429e-08 -2.932373e-09 -1.689250e-08
              [,581]        [,582]        [,583]        [,584]        [,585]
  [1,] -2.006798e-08 -3.244959e-09 -9.368337e-09  5.443526e-09  1.964724e-08
              [,586]        [,587]        [,588]        [,589]        [,590]
  [1,]  1.665810e-08  4.008408e-08  2.876083e-08 -4.328687e-09 -3.100750e-08
              [,591]        [,592]        [,593]        [,594]        [,595]
  [1,] -1.075793e-08 -8.602999e-10 -3.217103e-09 -1.311450e-08 -2.245953e-08
              [,596]        [,597]        [,598]        [,599]        [,600]
  [1,] -1.298204e-08 -1.486082e-09 -1.443507e-08  1.690041e-08  1.758045e-10
              [,601]        [,602]        [,603]        [,604]        [,605]
  [1,]  2.787956e-08  2.809743e-08  1.000449e-09  1.449003e-08  3.842810e-08
              [,606]        [,607]        [,608]        [,609]        [,610]
  [1,] -3.935441e-08  1.246403e-08  1.075614e-09  1.866732e-08  1.426987e-08
              [,611]        [,612]        [,613]        [,614]        [,615]
  [1,]  1.414434e-08  2.305849e-08  1.292993e-08  5.429045e-09  4.541944e-09
              [,616]        [,617]        [,618]        [,619]        [,620]
  [1,]  1.825955e-08  7.576458e-09 -9.580917e-09 -6.289911e-09 -1.546720e-08
              [,621]        [,622]        [,623]        [,624]        [,625]
  [1,] -2.547331e-08 -1.209346e-08 -2.158587e-09 -7.622191e-09 -1.635589e-09
              [,626]        [,627]        [,628]        [,629]        [,630]
  [1,]  1.429708e-08  1.505515e-09  1.660651e-08 -9.383041e-09 -8.700062e-09
              [,631]        [,632]        [,633]        [,634]        [,635]
  [1,] -1.295205e-08  5.748421e-09  8.325276e-10  1.494675e-09  6.837490e-09
              [,636]        [,637]        [,638]        [,639]        [,640]
  [1,]  8.620072e-09  4.454647e-11  3.238840e-09  1.941456e-08  1.015776e-08
              [,641]        [,642]        [,643]        [,644]        [,645]
  [1,]  2.518252e-09  1.125528e-09  6.000042e-09  2.927352e-10  4.408314e-09
              [,646]        [,647]        [,648]        [,649]        [,650]
  [1,]  4.637845e-09  1.663980e-08  9.594214e-10  3.295332e-09  1.042725e-08
              [,651]        [,652]        [,653]        [,654]        [,655]
  [1,]  2.232465e-08  7.077666e-09  1.149401e-08 -7.447396e-09 -1.575009e-08
              [,656]        [,657]        [,658]        [,659]        [,660]
  [1,] -1.272903e-08 -6.507823e-09 -8.209373e-09 -1.941176e-09 -2.894895e-09
              [,661]        [,662]        [,663]        [,664]        [,665]
  [1,] -2.386296e-09 -2.737641e-09 -9.779011e-09 -4.672972e-09 -5.510410e-09
              [,666]        [,667]        [,668]        [,669]        [,670]
  [1,] -3.980788e-09 -8.172942e-09 -1.005244e-09 -1.569676e-09 -1.310293e-08
              [,671]        [,672]        [,673]        [,674]        [,675]
  [1,] -2.060660e-08 -2.128377e-08  2.543317e-08 -1.364121e-08 -2.150327e-09
              [,676]        [,677]        [,678]        [,679]        [,680]
  [1,]  1.339672e-08 -8.792616e-09  3.482212e-09 -6.131929e-09 -1.107439e-22
 [ reached getOption("max.print") -- omitted 679 rows ]